4.204000000000000000e+03
5.949000000000000000e+03
6.981000000000000000e+03
6.064000000000000000e+03
6.998000000000000000e+03
6.618000000000000000e+03
6.041000000000000000e+03
5.722000000000000000e+03
5.882000000000000000e+03
6.337000000000000000e+03
6.177000000000000000e+03
5.843000000000000000e+03
7.987000000000000000e+03
6.778000000000000000e+03
6.854000000000000000e+03
5.773000000000000000e+03
6.682000000000000000e+03
6.394000000000000000e+03
5.365000000000000000e+03
6.484000000000000000e+03
5.025000000000000000e+03
6.465000000000000000e+03
6.205000000000000000e+03
6.190000000000000000e+03
6.440000000000000000e+03
