3.602000000000000000e+03
5.467000000000000000e+03
5.833000000000000000e+03
5.264000000000000000e+03
5.850000000000000000e+03
4.518000000000000000e+03
5.045000000000000000e+03
5.102000000000000000e+03
4.957000000000000000e+03
5.145000000000000000e+03
5.521000000000000000e+03
4.447000000000000000e+03
6.487000000000000000e+03
6.050000000000000000e+03
5.740000000000000000e+03
5.067000000000000000e+03
6.016000000000000000e+03
5.284000000000000000e+03
5.321000000000000000e+03
5.064000000000000000e+03
3.954000000000000000e+03
5.003000000000000000e+03
4.599000000000000000e+03
5.534000000000000000e+03
5.412000000000000000e+03
