1.880000000000000000e+02
8.130000000000000000e+02
6.890000000000000000e+02
9.740000000000000000e+02
7.060000000000000000e+02
6.960000000000000000e+02
8.870000000000000000e+02
5.480000000000000000e+02
1.039000000000000000e+03
7.730000000000000000e+02
7.430000000000000000e+02
8.210000000000000000e+02
8.470000000000000000e+02
7.960000000000000000e+02
1.128000000000000000e+03
1.399000000000000000e+03
8.560000000000000000e+02
8.240000000000000000e+02
6.870000000000000000e+02
9.640000000000000000e+02
6.030000000000000000e+02
1.015000000000000000e+03
7.750000000000000000e+02
7.560000000000000000e+02
9.000000000000000000e+02
