1.140000000000000000e+02
3.530000000000000000e+02
3.410000000000000000e+02
6.400000000000000000e+02
3.580000000000000000e+02
3.820000000000000000e+02
3.290000000000000000e+02
3.540000000000000000e+02
3.410000000000000000e+02
3.430000000000000000e+02
2.130000000000000000e+02
4.110000000000000000e+02
2.710000000000000000e+02
4.500000000000000000e+02
3.160000000000000000e+02
3.610000000000000000e+02
3.240000000000000000e+02
4.360000000000000000e+02
3.950000000000000000e+02
5.640000000000000000e+02
3.650000000000000000e+02
4.490000000000000000e+02
2.770000000000000000e+02
2.260000000000000000e+02
2.840000000000000000e+02
