9.760000000000000000e+02
1.909000000000000000e+03
1.967000000000000000e+03
1.764000000000000000e+03
1.984000000000000000e+03
1.930000000000000000e+03
1.625000000000000000e+03
2.054000000000000000e+03
2.029000000000000000e+03
1.691000000000000000e+03
1.837000000000000000e+03
1.609000000000000000e+03
2.507000000000000000e+03
2.074000000000000000e+03
2.022000000000000000e+03
1.597000000000000000e+03
2.046000000000000000e+03
1.504000000000000000e+03
1.493000000000000000e+03
1.564000000000000000e+03
1.533000000000000000e+03
1.811000000000000000e+03
2.127000000000000000e+03
1.850000000000000000e+03
1.800000000000000000e+03
