1	0
2	0
3	0
4	0
5	0
6	0
7	0
8	0
9	0
10	0
11	0
12	0
13	0
14	0
15	0
16	0
17	0
18	0
19	0
20	0
21	0
22	0
23	0
24	0
25	0
26	0
27	0
28	0
29	0
30	0
31	0
32	0
33	0
34	0
35	0
36	0
37	0
38	0
39	0
40	0
41	0
42	0
43	0
44	0
45	0
46	0
47	0
48	0
49	0
50	0
51	0
52	0
53	0
54	0
55	0
56	0
57	0
58	0
59	0
60	0
61	0
62	0
63	0
64	0
65	0
66	0
67	0
68	0
69	0
70	0
71	0
72	0
73	0
74	0
75	0
76	0
77	0
78	0
79	0
80	0
81	0
82	0
83	0
84	0
85	0
86	0
87	0
88	0
89	0
90	0
91	0
92	0
93	0
94	0
95	0
96	0
97	0
98	0
99	0
100	0
101	0
102	0
103	0
104	0
105	0
106	0
107	0
108	0
109	0
110	0
111	0
112	0
113	0
114	0
115	0
116	0
117	0
118	0
119	0
120	0
121	0
122	0
123	0
124	0
125	0
126	0
127	0
128	0
129	0
130	0
131	0
132	0
133	0
134	0
135	0
136	0
137	0
138	0
139	0
140	0
141	0
142	0
143	0
144	0
145	0
146	0
147	0
148	0
149	0
150	0
151	0
152	0
153	0
154	0
155	0
156	0
157	0
158	0
159	0
160	0
161	0
162	0
163	0
164	0
165	0
166	0
167	0
168	0
169	0
170	0
171	0
172	0
173	0
174	0
175	0
176	0
177	0
178	0
179	0
180	0
181	0
182	0
183	0
184	0
185	0
186	0
187	1
188	0
189	0
190	0
191	0
192	0
193	0
194	0
195	1
196	4
197	12
198	51
199	232
200	639
201	1691
202	3759
203	7634
204	13851
205	23830
206	39802
207	70745
208	140633
209	619173
210	2390486
211	5355761
212	7909856
213	470482
214	289738
215	8269807
216	7670956
217	7440391
218	7026564
219	6675806
220	6229118
221	5988477
222	5652227
223	5358269
224	4954244
225	4808791
226	4529481
227	4303055
228	4006591
229	3853405
230	3636422
231	3447306
232	3198482
233	3101190
234	2926442
235	2783510
236	2600289
237	2503924
238	2373259
239	2257100
240	2099059
241	2040959
242	1933478
243	1844248
244	1730148
245	1673191
246	1591584
247	1523754
248	1421396
249	1389987
250	1324062
251	1269548
252	1200766
253	1168687
254	1120443
255	1077466
256	998094
257	1000514
258	958476
259	929687
260	883045
261	868678
262	838062
263	813242
264	772554
265	768046
266	743790
267	724497
268	695260
269	687734
270	670886
271	655259
272	628517
273	629388
274	616005
275	605833
276	583889
277	583684
278	572944
279	565885
280	546553
281	550561
282	541400
283	537701
284	522133
285	524845
286	517463
287	513610
288	496474
289	503594
290	498799
291	495224
292	484132
293	487267
294	485663
295	481897
296	468890
297	477031
298	471887
299	470815
300	462789
301	467180
302	465077
303	463817
304	452920
305	461261
306	457167
307	458040
308	448495
309	453840
310	451924
311	451109
312	441126
313	450627
314	447222
315	447775
316	439916
317	446500
318	443850
319	444713
320	427975
321	444755
322	439879
323	441949
324	434335
325	439809
326	438634
327	438552
328	429563
329	438912
330	435806
331	436268
332	428384
333	435245
334	432859
335	435166
336	424626
337	433524
338	431906
339	432565
340	424561
341	432935
342	429202
343	430605
344	422179
345	429841
346	428641
347	429677
348	421489
349	428420
350	426008
351	428396
352	416308
353	427457
354	425578
355	425047
356	418803
357	424995
358	423134
359	422719
360	413342
361	423804
362	421848
363	422069
364	415949
365	422060
366	420891
367	420970
368	411510
369	420751
370	417206
371	419265
372	413766
373	419350
374	417675
375	417587
376	406642
377	416940
378	415560
379	417368
380	409316
381	415452
382	414619
383	415764
384	396118
385	415086
386	412711
387	411938
388	405236
389	413570
390	411202
391	411768
392	403584
393	412276
394	410906
395	409550
396	404177
397	409954
398	408729
399	408702
400	400236
401	408896
402	407965
403	408458
404	399965
405	406631
406	404907
407	405729
408	395975
409	405221
410	403483
411	404856
412	398532
413	403420
414	402279
415	403412
416	392297
417	402949
418	400479
419	401206
420	394764
421	400614
422	398195
423	401361
424	391005
425	399880
426	397796
427	398736
428	392870
429	397838
430	395801
431	396664
432	388268
433	396497
434	393948
435	395150
436	388571
437	394283
438	392562
439	394465
440	385948
441	394040
442	390995
443	393101
444	385491
445	392368
446	391157
447	391209
448	377644
449	391290
450	388621
451	388526
452	381849
453	389883
454	386562
455	388318
456	379605
457	386683
458	385881
459	386060
460	380353
461	384957
462	383497
463	385260
464	375776
465	383930
466	381600
467	383022
468	377203
469	383146
470	381587
471	382188
472	373521
473	381456
474	379706
475	380415
476	374524
477	379876
478	378479
479	379187
480	368429
481	378554
482	376685
483	377715
484	371836
485	376552
486	375884
487	375395
488	367938
489	376085
490	375095
491	374509
492	369188
493	374679
494	371602
495	373031
496	365627
497	373372
498	371732
499	371758
500	365200
501	370025
502	369829
503	370099
504	362158
505	368662
506	368228
507	369370
508	362219
509	367732
510	367538
511	366330
512	341491
513	367813
514	365197
515	365994
516	359649
517	365528
518	363948
519	365034
520	356732
521	365101
522	362736
523	362852
524	355864
525	361326
526	361686
527	361631
528	353406
529	361607
530	360054
531	359479
532	354359
533	360717
534	359156
535	358787
536	351201
537	357807
538	356454
539	357237
540	351643
541	357288
542	356084
543	355881
544	347662
545	356328
546	353904
547	355296
548	349629
549	355127
550	352109
551	353628
552	345094
553	352502
554	351935
555	351348
556	346343
557	351269
558	350419
559	349797
560	342751
561	349496
562	347420
563	348164
564	343869
565	347960
566	347002
567	348521
568	339934
569	345837
570	345325
571	346123
572	340433
573	346269
574	344688
575	345064
576	332845
577	345252
578	342655
579	344333
580	338410
581	342936
582	341009
583	341244
584	333924
585	342753
586	340387
587	340781
588	334266
589	339751
590	339869
591	339181
592	332184
593	339500
594	337628
595	338199
596	332734
597	337523
598	336391
599	336415
600	329328
601	336790
602	335555
603	335892
604	330631
605	335449
606	333063
607	333644
608	325964
609	334060
610	332782
611	332682
612	327851
613	332252
614	331114
615	330932
616	324908
617	331582
618	330715
619	331062
620	325241
621	330052
622	329224
623	329071
624	321440
625	330082
626	328491
627	329873
628	323287
629	327454
630	324683
631	327659
632	320141
633	325824
634	324711
635	325272
636	320124
637	324797
638	322644
639	324442
640	311510
641	324126
642	322866
643	323414
644	318185
645	322378
646	321039
647	322984
648	314965
649	322591
650	320844
651	321009
652	315761
653	320486
654	317976
655	318538
656	312200
657	319558
658	316686
659	318540
660	313291
661	317406
662	317161
663	317909
664	310376
665	316752
666	315014
667	315627
668	311106
669	314630
670	313761
671	314615
672	307109
673	313995
674	312537
675	314233
676	308264
677	313204
678	312094
679	311171
680	305387
681	311220
682	310639
683	310593
684	305685
685	309580
686	309668
687	310227
688	303066
689	309933
690	308282
691	307654
692	303707
693	307473
694	307191
695	306668
696	300290
697	307255
698	305358
699	307649
700	302021
701	304800
702	304827
703	304857
704	295123
705	304757
706	302012
707	303750
708	298912
709	303555
710	302048
711	303045
712	296249
713	302198
714	300161
715	302208
716	296527
717	300913
718	300470
719	300073
720	294612
721	300317
722	298866
723	299607
724	294906
725	299931
726	297045
727	298203
728	290905
729	297683
730	296996
731	297233
732	292304
733	295705
734	295630
735	295642
736	288666
737	295614
738	293756
739	294338
740	290363
741	295322
742	292641
743	293852
744	287510
745	292520
746	291901
747	292585
748	288764
749	291480
750	289849
751	292320
752	284286
753	291011
754	289929
755	291303
756	285706
757	289699
758	289146
759	289541
760	284389
761	289294
762	287928
763	288498
764	284866
765	288369
766	286673
767	286228
768	276071
769	286905
770	285437
771	286478
772	281647
773	286136
774	284947
775	285913
776	278839
777	284588
778	284599
779	284147
780	280156
781	284381
782	282341
783	283243
784	277000
785	282509
786	281182
787	281308
788	278329
789	280685
790	279797
791	281066
792	275028
793	280839
794	278523
795	279494
796	275052
797	280000
798	277989
799	278397
800	272840
801	279801
802	276648
803	276996
804	272408
805	277323
806	276238
807	277526
808	270535
809	276817
810	275195
811	276401
812	270980
813	274752
814	273826
815	274871
816	267883
817	273592
818	273450
819	274668
820	269912
821	273344
822	272157
823	271282
824	267130
825	272271
826	270696
827	271482
828	266747
829	270372
830	269640
831	271054
832	261860
833	270474
834	269089
835	269313
836	266236
837	269519
838	267677
839	269011
840	263787
841	267660
842	267330
843	268244
844	263062
845	267177
846	266221
847	266919
848	259896
849	266070
850	264964
851	266194
852	260532
853	265281
854	263440
855	264599
856	258525
857	264739
858	263491
859	264259
860	259867
861	263526
862	261160
863	262353
864	256464
865	262716
866	261032
867	262809
868	256815
869	260007
870	260364
871	260193
872	255071
873	259918
874	258672
875	259338
876	254345
877	258806
878	258341
879	258246
880	253138
881	259076
882	256984
883	257560
884	253463
885	257087
886	257270
887	257248
888	250716
889	257118
890	254842
891	255402
892	251365
893	256546
894	253925
895	255079
896	243985
897	254733
898	253503
899	253740
900	249965
901	253243
902	252814
903	252881
904	247127
905	253026
906	251167
907	251773
908	248081
909	251477
910	250797
911	250105
912	245748
913	249935
914	249944
915	250679
916	245272
917	249672
918	249511
919	250669
920	243763
921	249128
922	248836
923	248208
924	244925
925	247714
926	247432
927	247483
928	240133
929	247405
930	246396
931	245662
932	241847
933	246585
934	245190
935	245458
936	240126
937	244436
938	244071
939	244991
940	241534
941	243551
942	242841
943	244537
944	238550
945	244548
946	242167
947	242518
948	239253
949	242950
950	241218
951	241605
952	236696
953	241016
954	240345
955	241742
956	236700
957	240800
958	239610
959	240588
960	232400
961	240613
962	238749
963	238833
964	235309
965	238124
966	238460
967	237319
968	233172
969	238302
970	237124
971	236939
972	233936
973	236793
974	236281
975	236878
976	231630
977	236486
978	235189
979	235724
980	232326
981	235024
982	233655
983	235086
984	230141
985	235515
986	232631
987	234504
988	230759
989	233647
990	232884
991	232168
992	227085
993	232863
994	231694
995	231594
996	228636
997	231685
998	231613
999	231741
1000	226425
1001	230739
1002	230403
1003	230154
1004	226952
1005	229729
1006	228945
1007	229401
1008	224243
1009	229455
1010	228694
1011	229137
1012	224608
1013	228544
1014	227298
1015	226785
1016	223324
1017	227857
1018	226839
1019	228073
1020	224367
1021	226368
1022	225714
1023	225804
1024	202693
1025	226534
1026	224632
1027	224286
1028	221180
1029	224243
1030	223922
1031	224526
1032	220121
1033	224040
1034	222098
1035	224061
1036	219669
1037	223598
1038	223076
1039	222873
1040	218181
1041	222699
1042	220653
1043	220880
1044	218085
1045	221587
1046	220776
1047	221020
1048	215732
1049	220630
1050	218899
1051	220117
1052	216518
1053	220000
1054	218674
1055	219878
1056	213676
1057	218979
1058	217743
1059	218567
1060	214697
1061	218175
1062	217088
1063	217470
1064	212805
1065	217502
1066	216567
1067	216848
1068	213424
1069	216122
1070	215477
1071	216155
1072	211053
1073	215807
1074	214597
1075	215158
1076	211824
1077	214333
1078	214047
1079	215115
1080	209014
1081	214044
1082	213152
1083	213193
1084	211059
1085	213581
1086	211432
1087	212255
1088	205633
1089	212948
1090	211358
1091	211107
1092	207891
1093	212188
1094	211008
1095	211000
1096	206082
1097	210694
1098	210217
1099	209722
1100	207094
1101	209859
1102	207817
1103	209117
1104	204361
1105	208824
1106	208041
1107	208876
1108	205136
1109	208939
1110	207476
1111	207465
1112	202670
1113	207691
1114	205781
1115	207075
1116	202996
1117	206236
1118	206070
1119	206195
1120	200784
1121	205665
1122	204580
1123	205482
1124	202382
1125	205150
1126	204080
1127	204628
1128	199970
1129	203894
1130	203211
1131	203257
1132	200161
1133	203584
1134	202811
1135	202610
1136	197949
1137	202956
1138	201929
1139	201845
1140	198721
1141	202087
1142	201200
1143	201808
1144	196436
1145	200617
1146	199873
1147	200279
1148	197139
1149	199926
1150	199510
1151	199619
1152	191108
1153	199059
1154	198502
1155	199590
1156	196114
1157	198674
1158	198177
1159	198202
1160	193898
1161	197978
1162	197342
1163	197573
1164	193558
1165	196885
1166	195654
1167	196237
1168	192395
1169	196174
1170	194740
1171	196243
1172	193403
1173	194480
1174	195139
1175	196150
1176	190040
1177	194952
1178	194590
1179	194060
1180	191466
1181	193567
1182	193563
1183	193115
1184	188452
1185	192887
1186	191801
1187	193517
1188	190047
1189	192257
1190	191036
1191	191224
1192	188204
1193	191275
1194	190928
1195	190628
1196	188101
1197	191451
1198	189753
1199	190409
1200	186683
1201	189730
1202	190290
1203	189833
1204	186100
1205	188462
1206	188364
1207	188144
1208	185008
1209	188857
1210	187772
1211	189110
1212	185481
1213	187884
1214	187052
1215	187199
1216	180452
1217	187353
1218	186250
1219	187046
1220	184025
1221	186652
1222	185545
1223	186065
1224	181856
1225	185001
1226	185141
1227	184987
1228	181925
1229	185148
1230	184863
1231	184069
1232	179688
1233	183970
1234	183190
1235	184038
1236	180586
1237	183603
1238	182696
1239	182819
1240	178676
1241	183257
1242	181741
1243	182889
1244	179488
1245	182083
1246	180277
1247	180943
1248	177645
1249	181350
1250	179309
1251	180018
1252	177463
1253	179571
1254	179813
1255	179409
1256	176759
1257	179830
1258	178510
1259	178574
1260	176309
1261	178678
1262	177730
1263	178825
1264	174358
1265	178151
1266	177586
1267	177832
1268	174623
1269	177735
1270	176888
1271	176462
1272	173137
1273	176342
1274	175983
1275	176465
1276	173674
1277	176081
1278	174678
1279	176057
1280	168353
1281	176068
1282	173891
1283	175039
1284	172047
1285	174600
1286	173076
1287	173588
1288	169897
1289	174060
1290	172147
1291	173297
1292	171421
1293	173789
1294	172185
1295	172288
1296	168617
1297	172583
1298	170924
1299	172267
1300	168838
1301	171289
1302	170706
1303	170723
1304	167722
1305	170488
1306	170575
1307	170203
1308	168045
1309	170008
1310	169583
1311	169935
1312	165413
1313	169472
1314	168914
1315	169457
1316	165858
1317	168641
1318	167810
1319	168829
1320	164277
1321	168245
1322	166957
1323	167904
1324	164402
1325	167429
1326	167323
1327	166817
1328	163249
1329	167324
1330	165491
1331	166698
1332	163597
1333	166575
1334	165132
1335	165046
1336	161509
1337	165027
1338	164280
1339	164832
1340	162072
1341	164602
1342	164242
1343	163872
1344	158798
1345	163730
1346	163252
1347	163383
1348	160563
1349	163288
1350	162580
1351	163186
1352	159217
1353	162088
1354	161712
1355	162557
1356	158887
1357	161889
1358	160654
1359	161011
1360	158098
1361	160665
1362	160174
1363	160024
1364	158330
1365	160440
1366	159074
1367	159434
1368	156566
1369	159760
1370	159484
1371	158648
1372	156554
1373	158950
1374	158492
1375	158889
1376	155008
1377	158062
1378	157752
1379	157842
1380	154908
1381	157560
1382	156520
1383	157148
1384	153711
1385	156715
1386	157155
1387	156803
1388	153480
1389	155857
1390	155885
1391	155674
1392	151979
1393	155671
1394	154673
1395	154767
1396	152487
1397	155091
1398	154084
1399	154274
1400	150912
1401	154056
1402	153609
1403	154032
1404	150853
1405	153173
1406	152737
1407	152762
1408	146692
1409	152964
1410	151107
1411	152130
1412	149781
1413	152674
1414	151316
1415	151732
1416	147983
1417	151233
1418	150595
1419	151392
1420	148231
1421	151394
1422	151009
1423	149696
1424	147237
1425	149591
1426	148737
1427	149839
1428	147193
1429	148703
1430	147880
1431	148403
1432	145599
1433	148313
1434	148064
1435	148235
1436	145900
1437	147713
1438	147161
1439	147869
1440	144289
1441	147344
1442	146313
1443	146844
1444	144503
1445	147391
1446	145303
1447	146238
1448	142629
1449	146614
1450	145574
1451	145770
1452	143295
1453	145435
1454	144868
1455	144773
1456	141406
1457	144610
1458	144150
1459	143776
1460	141417
1461	143588
1462	143076
1463	143723
1464	140204
1465	142925
1466	142771
1467	142918
1468	140383
1469	143213
1470	141795
1471	142754
1472	137870
1473	142122
1474	141452
1475	141994
1476	139719
1477	141054
1478	140634
1479	141111
1480	137949
1481	140479
1482	140287
1483	140160
1484	138529
1485	140105
1486	139183
1487	139280
1488	136099
1489	139520
1490	138789
1491	139218
1492	135856
1493	138869
1494	138797
1495	138020
1496	135575
1497	138248
1498	137579
1499	137159
1500	135404
1501	137568
1502	137106
1503	137148
1504	133330
1505	137359
1506	136437
1507	136475
1508	134752
1509	135780
1510	135589
1511	135599
1512	133302
1513	135723
1514	135205
1515	134971
1516	132983
1517	134596
1518	133663
1519	134322
1520	131749
1521	133716
1522	133772
1523	133951
1524	131656
1525	132933
1526	133363
1527	133914
1528	130790
1529	132853
1530	131878
1531	133076
1532	129857
1533	132843
1534	132426
1535	132253
1536	122318
1537	131721
1538	130955
1539	131815
1540	129080
1541	132410
1542	130750
1543	131054
1544	127917
1545	130985
1546	129264
1547	130002
1548	128282
1549	129994
1550	129757
1551	129401
1552	126776
1553	129466
1554	128697
1555	129321
1556	126455
1557	128518
1558	128187
1559	128093
1560	125114
1561	128222
1562	127715
1563	127585
1564	125425
1565	127359
1566	126141
1567	126223
1568	123842
1569	127072
1570	126257
1571	125926
1572	124151
1573	125606
1574	125938
1575	126252
1576	122931
1577	125330
1578	125161
1579	124904
1580	123893
1581	125632
1582	124028
1583	124330
1584	121865
1585	124558
1586	124135
1587	124293
1588	121640
1589	123720
1590	123338
1591	123307
1592	120621
1593	123037
1594	122477
1595	122503
1596	121223
1597	122602
1598	122213
1599	122495
1600	117897
1601	121161
1602	121024
1603	121785
1604	118868
1605	121531
1606	120940
1607	120156
1608	117676
1609	120757
1610	119939
1611	120523
1612	117772
1613	119868
1614	119334
1615	120410
1616	116586
1617	119533
1618	118890
1619	118569
1620	116373
1621	118684
1622	117828
1623	117959
1624	115428
1625	118106
1626	117312
1627	118395
1628	115484
1629	117557
1630	116982
1631	116245
1632	114498
1633	117152
1634	116527
1635	116829
1636	115111
1637	116153
1638	115576
1639	116102
1640	113236
1641	115789
1642	115437
1643	115341
1644	113441
1645	114730
1646	114887
1647	114076
1648	111712
1649	114270
1650	113324
1651	114100
1652	111996
1653	113606
1654	113328
1655	113541
1656	111160
1657	113945
1658	112687
1659	113300
1660	111128
1661	112745
1662	112696
1663	112025
1664	107404
1665	112704
1666	111741
1667	111996
1668	110548
1669	111805
1670	110962
1671	111463
1672	108614
1673	110301
1674	110243
1675	110344
1676	108465
1677	110774
1678	109950
1679	110318
1680	107260
1681	110202
1682	109503
1683	109094
1684	107717
1685	109054
1686	108741
1687	108885
1688	105620
1689	108719
1690	107960
1691	108075
1692	106162
1693	107873
1694	107724
1695	107886
1696	104951
1697	107531
1698	107229
1699	107365
1700	104853
1701	106558
1702	105822
1703	106791
1704	103282
1705	106250
1706	106294
1707	105293
1708	104200
1709	105959
1710	105035
1711	105295
1712	103049
1713	104918
1714	104220
1715	104220
1716	102592
1717	104990
1718	104344
1719	104131
1720	101661
1721	104134
1722	103180
1723	103993
1724	101916
1725	103456
1726	102992
1727	102986
1728	99223
1729	103131
1730	102669
1731	102462
1732	100922
1733	101786
1734	101484
1735	102167
1736	99157
1737	101810
1738	100808
1739	100898
1740	99502
1741	101015
1742	100123
1743	100433
1744	98936
1745	100717
1746	99533
1747	99902
1748	98492
1749	99898
1750	99609
1751	99735
1752	96748
1753	99419
1754	98564
1755	99078
1756	97186
1757	98398
1758	98576
1759	98455
1760	95953
1761	98180
1762	97791
1763	98081
1764	96499
1765	97450
1766	97470
1767	97158
1768	95110
1769	97828
1770	96464
1771	96841
1772	95268
1773	95923
1774	96416
1775	96172
1776	93846
1777	96886
1778	94986
1779	95731
1780	94103
1781	95400
1782	95301
1783	95227
1784	92632
1785	94816
1786	94744
1787	94174
1788	92743
1789	94268
1790	93770
1791	94203
1792	90332
1793	94474
1794	93727
1795	93258
1796	92121
1797	93323
1798	93027
1799	92483
1800	90679
1801	92396
1802	92378
1803	92269
1804	91183
1805	91911
1806	92091
1807	91557
1808	89492
1809	91728
1810	90804
1811	90866
1812	89875
1813	90726
1814	90564
1815	90437
1816	88323
1817	90397
1818	89752
1819	90169
1820	88832
1821	89858
1822	89636
1823	89684
1824	87173
1825	89482
1826	88509
1827	89106
1828	87892
1829	88526
1830	89033
1831	88883
1832	86851
1833	88061
1834	87292
1835	87777
1836	86288
1837	87744
1838	87409
1839	87804
1840	85872
1841	86832
1842	86882
1843	87000
1844	85187
1845	86428
1846	85958
1847	86158
1848	84158
1849	86804
1850	85875
1851	85750
1852	84252
1853	85367
1854	85509
1855	85174
1856	82574
1857	84938
1858	84125
1859	85121
1860	83143
1861	83961
1862	84491
1863	83753
1864	82404
1865	83769
1866	83861
1867	83611
1868	82164
1869	83538
1870	83388
1871	82684
1872	81053
1873	83011
1874	81959
1875	82976
1876	80849
1877	81924
1878	82011
1879	82111
1880	80182
1881	81942
1882	81542
1883	80963
1884	80379
1885	81020
1886	80893
1887	80688
1888	79428
1889	80865
1890	80197
1891	80655
1892	79418
1893	79855
1894	79493
1895	79847
1896	78024
1897	79505
1898	79364
1899	79269
1900	77738
1901	78772
1902	78742
1903	79060
1904	76833
1905	78866
1906	78644
1907	78403
1908	76785
1909	78005
1910	77893
1911	78013
1912	75907
1913	77012
1914	77657
1915	77258
1916	76361
1917	76766
1918	76602
1919	76072
1920	73527
1921	76284
1922	75399
1923	76459
1924	74653
1925	75900
1926	75581
1927	75567
1928	74235
1929	75536
1930	75168
1931	75204
1932	74405
1933	75324
1934	74458
1935	74527
1936	72970
1937	74501
1938	74143
1939	74472
1940	73160
1941	74309
1942	73627
1943	73498
1944	71418
1945	73332
1946	72893
1947	73127
1948	72249
1949	72533
1950	72996
1951	72701
1952	71014
1953	73202
1954	72251
1955	72634
1956	70894
1957	71683
1958	72165
1959	71656
1960	69598
1961	71629
1962	71586
1963	71385
1964	70027
1965	71070
1966	70465
1967	70481
1968	69354
1969	70587
1970	69391
1971	70264
1972	68609
1973	69827
1974	69793
1975	69830
1976	68465
1977	69573
1978	69280
1979	69020
1980	68123
1981	69402
1982	69236
1983	68700
1984	66396
1985	68493
1986	68225
1987	68539
1988	66684
1989	67578
1990	67540
1991	67835
1992	66457
1993	67179
1994	67010
1995	66859
1996	65932
1997	67317
1998	66692
1999	67065
2000	65250
2001	66714
2002	65899
2003	66049
2004	65252
2005	65937
2006	65874
2007	65765
2008	64298
2009	65183
2010	65529
2011	65477
2012	64304
2013	65072
2014	64893
2015	64543
2016	62984
2017	64379
2018	64598
2019	64972
2020	63191
2021	64273
2022	63570
2023	64045
2024	62822
2025	64081
2026	63688
2027	63220
2028	62102
2029	62693
2030	63235
2031	63210
2032	61453
2033	63031
2034	62328
2035	62654
2036	61585
2037	62000
2038	62390
2039	61983
2040	60401
2041	61838
2042	61156
2043	61302
2044	60985
2045	61698
2046	60963
2047	61200
2048	54315
2049	60324
2050	60424
2051	60978
2052	59597
2053	60491
2054	60215
2055	60250
2056	58889
2057	59561
2058	59789
2059	59751
2060	58059
2061	59271
2062	58787
2063	58776
2064	57522
2065	58928
2066	58625
2067	58433
2068	57758
2069	58678
2070	58464
2071	58231
2072	56727
2073	57770
2074	57613
2075	57682
2076	57074
2077	57444
2078	57162
2079	57457
2080	55632
2081	57061
2082	57128
2083	57040
2084	55726
2085	56776
2086	56207
2087	56273
2088	54974
2089	56075
2090	56038
2091	55740
2092	55278
2093	55477
2094	55253
2095	55258
2096	54013
2097	55374
2098	54786
2099	55185
2100	53491
2101	54503
2102	54556
2103	54068
2104	53227
2105	54233
2106	53823
2107	53681
2108	53349
2109	53866
2110	53064
2111	53702
2112	51575
2113	53138
2114	52575
2115	52864
2116	52332
2117	52961
2118	52646
2119	52664
2120	51187
2121	52664
2122	52392
2123	52301
2124	51146
2125	51604
2126	51654
2127	51612
2128	50357
2129	51709
2130	51292
2131	51472
2132	50365
2133	51346
2134	50874
2135	50890
2136	49248
2137	50985
2138	50390
2139	50267
2140	49576
2141	50455
2142	49936
2143	49727
2144	48815
2145	49908
2146	49735
2147	49908
2148	48704
2149	49515
2150	48886
2151	48707
2152	47810
2153	49152
2154	49037
2155	48306
2156	48084
2157	48719
2158	48303
2159	47905
2160	47157
2161	47967
2162	47631
2163	47967
2164	47270
2165	47623
2166	47088
2167	47122
2168	46331
2169	47449
2170	46715
2171	46883
2172	46104
2173	46985
2174	46299
2175	46413
2176	44206
2177	46221
2178	46114
2179	46275
2180	45040
2181	45968
2182	45522
2183	45513
2184	44846
2185	44975
2186	45177
2187	45450
2188	44267
2189	45501
2190	44980
2191	44708
2192	44040
2193	44622
2194	44396
2195	44589
2196	43626
2197	44331
2198	43752
2199	43798
2200	42830
2201	44151
2202	43687
2203	43338
2204	43038
2205	43547
2206	43664
2207	43178
2208	41879
2209	42921
2210	42923
2211	42825
2212	42627
2213	42355
2214	41874
2215	42281
2216	41411
2217	42599
2218	41787
2219	41975
2220	41599
2221	42140
2222	41595
2223	41861
2224	40950
2225	41333
2226	41441
2227	41299
2228	40230
2229	41022
2230	40604
2231	40525
2232	39939
2233	40817
2234	40588
2235	40446
2236	39591
2237	40120
2238	40060
2239	40290
2240	38535
2241	39612
2242	39569
2243	39546
2244	38944
2245	39347
2246	39254
2247	39571
2248	38318
2249	39284
2250	38936
2251	38989
2252	38483
2253	38968
2254	38795
2255	38778
2256	37492
2257	38517
2258	38237
2259	38463
2260	37475
2261	37714
2262	37950
2263	37989
2264	36852
2265	37757
2266	37697
2267	37182
2268	36970
2269	37150
2270	37104
2271	37201
2272	36140
2273	37197
2274	36595
2275	36537
2276	36278
2277	36634
2278	36687
2279	36330
2280	35606
2281	36428
2282	36274
2283	35717
2284	35034
2285	35612
2286	35826
2287	35795
2288	34939
2289	35690
2290	35339
2291	35389
2292	34466
2293	35048
2294	35109
2295	34920
2296	34246
2297	34971
2298	34757
2299	34348
2300	34067
2301	34543
2302	34448
2303	34207
2304	33076
2305	34151
2306	33616
2307	34027
2308	33171
2309	33858
2310	33585
2311	33745
2312	32767
2313	33522
2314	33084
2315	33037
2316	32680
2317	33018
2318	33001
2319	32879
2320	32122
2321	32869
2322	32850
2323	32327
2324	31964
2325	32460
2326	32402
2327	32487
2328	31609
2329	32200
2330	31877
2331	32217
2332	30913
2333	32009
2334	31707
2335	31874
2336	30751
2337	31411
2338	31288
2339	31309
2340	30591
2341	31414
2342	30890
2343	31015
2344	29980
2345	30581
2346	30920
2347	30517
2348	30413
2349	30269
2350	30252
2351	30104
2352	29507
2353	30075
2354	29840
2355	29777
2356	29330
2357	29770
2358	29243
2359	29574
2360	28953
2361	29533
2362	29461
2363	29302
2364	28871
2365	28997
2366	28978
2367	28813
2368	28065
2369	28678
2370	28433
2371	28849
2372	27918
2373	28394
2374	28410
2375	28379
2376	27618
2377	28138
2378	27985
2379	27599
2380	27464
2381	27830
2382	27417
2383	27486
2384	26555
2385	27234
2386	27293
2387	27229
2388	26650
2389	27011
2390	26682
2391	26636
2392	26289
2393	26771
2394	26581
2395	26210
2396	25961
2397	26324
2398	26150
2399	26072
2400	25321
2401	25869
2402	25706
2403	25998
2404	25322
2405	25665
2406	25442
2407	25193
2408	25125
2409	25382
2410	25004
2411	25155
2412	24452
2413	25125
2414	24705
2415	24584
2416	24052
2417	24417
2418	24326
2419	24281
2420	23990
2421	23884
2422	23827
2423	23739
2424	23294
2425	24033
2426	23943
2427	23422
2428	23225
2429	23461
2430	23237
2431	23268
2432	21982
2433	23079
2434	22819
2435	22712
2436	22382
2437	22782
2438	22343
2439	22549
2440	21823
2441	22215
2442	22143
2443	21875
2444	21246
2445	21467
2446	21734
2447	21539
2448	21162
2449	21731
2450	21102
2451	21212
2452	20710
2453	21112
2454	20903
2455	20851
2456	19939
2457	20964
2458	20340
2459	20394
2460	19856
2461	20017
2462	19698
2463	19894
2464	19306
2465	19694
2466	19746
2467	19510
2468	19186
2469	19272
2470	19284
2471	19270
2472	18812
2473	18963
2474	18719
2475	19003
2476	18311
2477	18442
2478	18574
2479	18344
2480	18174
2481	18069
2482	17944
2483	18192
2484	17741
2485	18084
2486	17831
2487	17581
2488	17228
2489	17638
2490	17367
2491	17263
2492	16953
2493	17297
2494	17033
2495	16849
2496	16288
2497	17036
2498	16651
2499	16710
2500	16704
2501	16439
2502	16394
2503	16391
2504	15736
2505	15978
2506	16102
2507	15972
2508	15776
2509	15723
2510	15941
2511	15670
2512	15224
2513	15546
2514	15430
2515	15411
2516	15022
2517	15237
2518	15391
2519	15215
2520	14691
2521	14827
2522	15083
2523	14971
2524	14587
2525	15007
2526	14687
2527	14809
2528	14032
2529	14465
2530	14591
2531	14403
2532	14085
2533	14437
2534	14186
2535	14302
2536	13815
2537	14089
2538	14167
2539	13969
2540	13780
2541	13830
2542	13723
2543	13687
2544	13263
2545	13834
2546	13747
2547	13581
2548	13248
2549	13510
2550	13468
2551	13463
2552	12935
2553	13378
2554	13201
2555	13246
2556	12975
2557	13213
2558	13154
2559	13007
2560	11928
2561	13178
2562	13025
2563	12958
2564	12699
2565	12893
2566	12720
2567	12622
2568	12580
2569	12870
2570	12885
2571	12776
2572	12469
2573	12740
2574	12595
2575	12553
2576	12316
2577	12402
2578	12254
2579	12336
2580	12506
2581	12440
2582	12370
2583	12122
2584	11803
2585	12249
2586	12321
2587	12219
2588	11848
2589	12172
2590	12202
2591	12107
2592	11686
2593	12385
2594	11963
2595	11718
2596	11767
2597	11907
2598	11815
2599	12139
2600	11629
2601	11671
2602	11891
2603	11871
2604	11568
2605	11801
2606	11893
2607	11949
2608	11337
2609	11893
2610	11562
2611	11700
2612	11506
2613	11607
2614	11455
2615	11684
2616	11455
2617	11304
2618	11585
2619	11669
2620	11200
2621	11534
2622	11619
2623	11422
2624	10991
2625	11471
2626	11266
2627	11238
2628	11290
2629	11304
2630	11197
2631	11290
2632	11110
2633	11107
2634	11280
2635	11149
2636	11076
2637	11210
2638	11188
2639	11246
2640	10913
2641	10998
2642	11056
2643	11150
2644	10925
2645	11185
2646	11017
2647	11123
2648	10954
2649	11082
2650	10993
2651	10997
2652	10850
2653	11144
2654	11110
2655	11105
2656	10815
2657	10899
2658	11129
2659	10732
2660	10916
2661	10706
2662	10918
2663	11046
2664	10772
2665	10907
2666	10764
2667	10983
2668	10689
2669	11025
2670	10810
2671	10859
2672	10679
2673	10944
2674	10888
2675	10821
2676	10685
2677	10736
2678	10752
2679	10745
2680	10596
2681	10720
2682	10684
2683	10594
2684	10388
2685	10534
2686	10735
2687	10662
2688	10126
2689	10514
2690	10533
2691	10642
2692	10537
2693	10674
2694	10812
2695	10580
2696	10388
2697	10453
2698	10724
2699	10551
2700	10386
2701	10479
2702	10469
2703	10525
2704	10324
2705	10613
2706	10515
2707	10508
2708	10446
2709	10329
2710	10282
2711	10538
2712	10091
2713	10495
2714	10551
2715	10537
2716	10094
2717	10605
2718	10353
2719	10304
2720	10138
2721	10483
2722	10270
2723	10291
2724	10264
2725	10176
2726	10239
2727	10264
2728	10156
2729	10416
2730	10241
2731	10260
2732	10080
2733	10188
2734	10346
2735	10126
2736	10314
2737	10196
2738	10267
2739	10232
2740	10071
2741	10245
2742	10202
2743	10110
2744	10102
2745	10277
2746	10041
2747	10044
2748	10047
2749	10174
2750	9917
2751	10088
2752	9609
2753	10074
2754	9976
2755	10015
2756	9730
2757	10031
2758	9933
2759	9997
2760	9859
2761	9992
2762	9999
2763	9894
2764	9977
2765	10165
2766	9766
2767	9823
2768	9725
2769	9746
2770	9837
2771	9952
2772	9679
2773	9921
2774	9885
2775	9805
2776	9728
2777	9939
2778	9765
2779	9948
2780	9718
2781	9741
2782	9839
2783	9865
2784	9688
2785	9668
2786	9556
2787	9846
2788	9468
2789	9622
2790	9749
2791	9887
2792	9471
2793	9715
2794	9676
2795	9809
2796	9653
2797	9625
2798	9825
2799	9584
2800	9555
2801	9790
2802	9647
2803	9695
2804	9454
2805	9635
2806	9497
2807	9557
2808	9347
2809	9554
2810	9470
2811	9685
2812	9559
2813	9741
2814	9500
2815	9509
2816	9221
2817	9546
2818	9587
2819	9597
2820	9322
2821	9480
2822	9643
2823	9433
2824	9328
2825	9494
2826	9638
2827	9420
2828	9482
2829	9372
2830	9297
2831	9498
2832	9275
2833	9482
2834	9468
2835	9370
2836	9393
2837	9297
2838	9393
2839	9396
2840	9248
2841	9398
2842	9352
2843	9439
2844	9112
2845	9202
2846	9213
2847	9405
2848	8992
2849	9175
2850	9169
2851	9324
2852	9083
2853	9284
2854	9306
2855	9273
2856	9042
2857	9140
2858	9273
2859	9250
2860	9000
2861	9208
2862	9163
2863	9221
2864	9069
2865	9206
2866	9202
2867	9098
2868	8943
2869	9020
2870	9237
2871	9150
2872	8923
2873	9251
2874	9090
2875	9090
2876	8991
2877	9179
2878	9000
2879	9177
2880	8854
2881	9102
2882	9246
2883	9126
2884	8691
2885	8967
2886	8921
2887	9109
2888	8773
2889	8902
2890	9032
2891	9034
2892	8871
2893	9178
2894	8850
2895	9066
2896	8856
2897	9102
2898	8967
2899	9279
2900	8853
2901	9063
2902	9001
2903	8946
2904	8860
2905	9074
2906	8918
2907	9073
2908	8922
2909	8869
2910	8926
2911	8782
2912	8767
2913	8861
2914	8825
2915	9059
2916	8783
2917	8904
2918	8772
2919	8906
2920	8772
2921	8835
2922	8754
2923	9090
2924	8806
2925	9034
2926	8960
2927	9069
2928	8699
2929	8979
2930	8906
2931	8851
2932	8723
2933	8919
2934	9012
2935	8743
2936	8751
2937	8897
2938	8729
2939	8741
2940	8937
2941	9025
2942	8912
2943	9014
2944	8576
2945	9019
2946	8943
2947	8884
2948	8805
2949	9044
2950	8951
2951	8893
2952	8593
2953	8940
2954	8666
2955	8934
2956	8759
2957	9013
2958	8947
2959	8887
2960	8655
2961	8920
2962	8859
2963	8958
2964	8761
2965	8981
2966	8798
2967	9129
2968	8845
2969	8800
2970	9024
2971	9107
2972	8836
2973	8922
2974	9082
2975	8974
2976	8858
2977	8998
2978	9000
2979	9195
2980	8974
2981	9137
2982	9149
2983	9207
2984	8859
2985	9026
2986	9064
2987	9225
2988	8988
2989	9221
2990	9205
2991	9164
2992	9016
2993	9291
2994	9277
2995	9378
2996	9158
2997	9177
2998	9293
2999	9371
3000	9276
3001	9518
3002	9525
3003	9492
3004	9325
3005	9545
3006	9663
3007	9627
3008	9493
3009	9518
3010	9578
3011	9718
3012	9709
3013	9925
3014	9960
3015	9952
3016	9685
3017	10041
3018	10175
3019	10197
3020	10225
3021	10287
3022	10173
3023	10597
3024	10140
3025	10544
3026	10566
3027	10703
3028	10574
3029	10883
3030	10660
3031	10968
3032	10870
3033	11302
3034	11079
3035	11295
3036	11178
3037	11699
3038	11714
3039	11754
3040	11495
3041	12125
3042	12177
3043	12208
3044	12316
3045	12557
3046	12949
3047	13009
3048	12809
3049	13202
3050	13356
3051	13673
3052	13687
3053	13933
3054	14434
3055	14593
3056	14401
3057	15170
3058	15089
3059	15639
3060	15478
3061	16229
3062	16343
3063	16533
3064	16617
3065	17169
3066	17372
3067	17933
3068	17848
3069	18632
3070	18755
3071	19588
3072	17674
3073	20246
3074	20619
3075	21234
3076	21337
3077	21894
3078	22671
3079	23070
3080	22847
3081	24335
3082	24569
3083	25375
3084	25676
3085	26537
3086	27194
3087	27908
3088	27853
3089	29239
3090	29530
3091	30660
3092	30192
3093	32242
3094	32616
3095	33775
3096	33832
3097	34998
3098	35833
3099	37216
3100	37946
3101	38651
3102	39719
3103	40790
3104	41173
3105	42801
3106	43528
3107	44563
3108	45090
3109	46758
3110	47925
3111	48770
3112	49188
3113	51314
3114	52720
3115	53553
3116	54024
3117	56303
3118	57291
3119	58923
3120	58780
3121	61496
3122	62351
3123	64126
3124	63921
3125	66660
3126	67766
3127	69668
3128	69273
3129	72567
3130	73639
3131	74965
3132	75552
3133	77997
3134	78762
3135	80835
3136	79876
3137	83864
3138	84793
3139	86366
3140	86387
3141	89357
3142	90712
3143	92347
3144	92130
3145	95327
3146	96323
3147	97895
3148	97817
3149	101120
3150	101695
3151	102753
3152	101996
3153	105452
3154	106526
3155	108428
3156	108057
3157	110528
3158	111959
3159	113270
3160	111359
3161	115566
3162	115919
3163	117633
3164	117242
3165	119396
3166	120086
3167	121322
3168	120132
3169	122934
3170	123193
3171	124934
3172	123716
3173	125873
3174	126501
3175	127066
3176	124539
3177	127678
3178	127640
3179	129266
3180	127502
3181	129933
3182	129661
3183	130906
3184	127352
3185	131564
3186	129580
3187	130198
3188	129227
3189	129699
3190	130387
3191	130089
3192	127136
3193	129238
3194	129183
3195	129135
3196	126817
3197	127856
3198	126583
3199	127848
3200	121602
3201	126178
3202	125362
3203	124449
3204	122099
3205	123528
3206	121630
3207	121409
3208	117695
3209	119236
3210	118764
3211	118108
3212	115048
3213	116142
3214	114400
3215	112877
3216	110365
3217	111137
3218	109317
3219	108391
3220	106031
3221	105979
3222	104892
3223	103802
3224	100560
3225	101076
3226	99898
3227	98278
3228	95665
3229	96196
3230	94340
3231	93193
3232	90117
3233	90704
3234	89009
3235	88074
3236	85330
3237	84659
3238	83935
3239	82632
3240	79284
3241	79605
3242	78427
3243	77564
3244	74909
3245	74586
3246	73405
3247	72456
3248	69692
3249	69887
3250	68382
3251	67987
3252	65779
3253	65130
3254	64217
3255	63034
3256	60229
3257	60962
3258	59829
3259	59430
3260	57359
3261	57197
3262	55741
3263	55457
3264	52586
3265	53846
3266	52761
3267	52017
3268	50467
3269	50785
3270	49468
3271	48808
3272	47377
3273	47677
3274	46673
3275	46798
3276	45682
3277	45750
3278	44860
3279	44637
3280	43120
3281	44094
3282	43292
3283	43515
3284	41991
3285	42331
3286	42397
3287	42112
3288	40750
3289	41321
3290	41301
3291	40938
3292	40090
3293	40961
3294	40563
3295	40488
3296	39340
3297	40599
3298	40558
3299	40280
3300	39945
3301	40350
3302	40060
3303	40686
3304	39443
3305	39992
3306	40756
3307	40728
3308	39971
3309	40957
3310	41114
3311	40961
3312	40449
3313	41136
3314	41326
3315	41666
3316	41177
3317	41820
3318	42503
3319	41983
3320	41597
3321	42034
3322	42502
3323	42755
3324	42324
3325	43104
3326	43014
3327	43575
3328	42332
3329	43625
3330	43600
3331	44071
3332	43514
3333	44441
3334	44137
3335	44665
3336	43600
3337	44483
3338	44416
3339	44588
3340	44382
3341	44854
3342	45168
3343	44703
3344	44308
3345	44803
3346	44740
3347	45032
3348	44295
3349	44738
3350	44707
3351	45028
3352	43451
3353	44823
3354	44299
3355	44397
3356	44145
3357	44222
3358	43623
3359	44033
3360	42864
3361	43665
3362	43256
3363	43189
3364	42234
3365	42782
3366	42628
3367	42392
3368	40725
3369	41493
3370	41321
3371	41124
3372	40041
3373	40139
3374	39640
3375	39890
3376	38896
3377	38542
3378	37990
3379	38242
3380	36776
3381	37514
3382	36854
3383	36426
3384	35184
3385	35717
3386	35073
3387	34866
3388	33782
3389	33630
3390	33223
3391	32747
3392	31447
3393	31539
3394	31129
3395	31011
3396	29981
3397	29995
3398	29295
3399	28858
3400	27635
3401	27849
3402	27380
3403	27096
3404	26147
3405	25975
3406	25661
3407	24935
3408	23813
3409	24095
3410	23696
3411	23288
3412	22227
3413	22292
3414	21560
3415	21284
3416	20058
3417	20242
3418	19761
3419	19603
3420	18871
3421	18467
3422	18130
3423	17518
3424	16776
3425	16647
3426	16422
3427	15989
3428	15298
3429	15210
3430	14914
3431	14407
3432	13789
3433	13698
3434	13194
3435	13040
3436	12353
3437	12238
3438	12009
3439	11632
3440	11002
3441	11112
3442	10681
3443	10636
3444	9900
3445	9731
3446	9675
3447	9299
3448	8756
3449	8869
3450	8525
3451	8210
3452	7854
3453	7782
3454	7514
3455	7408
3456	6865
3457	6888
3458	6712
3459	6446
3460	6297
3461	6133
3462	5978
3463	5704
3464	5370
3465	5469
3466	5211
3467	4995
3468	4829
3469	4812
3470	4605
3471	4532
3472	4227
3473	4268
3474	4035
3475	3942
3476	3835
3477	3835
3478	3655
3479	3647
3480	3503
3481	3272
3482	3373
3483	3141
3484	3077
3485	3082
3486	2844
3487	2815
3488	2746
3489	2775
3490	2659
3491	2608
3492	2556
3493	2433
3494	2386
3495	2284
3496	2230
3497	2263
3498	2099
3499	2069
3500	2100
3501	2021
3502	2055
3503	1994
3504	1829
3505	1893
3506	1812
3507	1896
3508	1741
3509	1729
3510	1710
3511	1718
3512	1635
3513	1555
3514	1549
3515	1565
3516	1532
3517	1556
3518	1497
3519	1490
3520	1402
3521	1428
3522	1380
3523	1310
3524	1365
3525	1282
3526	1389
3527	1369
3528	1360
3529	1318
3530	1329
3531	1311
3532	1264
3533	1297
3534	1296
3535	1212
3536	1258
3537	1285
3538	1208
3539	1252
3540	1174
3541	1287
3542	1176
3543	1169
3544	1186
3545	1226
3546	1177
3547	1178
3548	1123
3549	1176
3550	1108
3551	1179
3552	1073
3553	1111
3554	1107
3555	1128
3556	1117
3557	1165
3558	1107
3559	1102
3560	1094
3561	1084
3562	1109
3563	1197
3564	1093
3565	1111
3566	1079
3567	1041
3568	1080
3569	1089
3570	1112
3571	1099
3572	1041
3573	1087
3574	1161
3575	1085
3576	1108
3577	1032
3578	1116
3579	1120
3580	1027
3581	1012
3582	1010
3583	1039
3584	981
3585	1138
3586	1059
3587	1034
3588	969
3589	1061
3590	1028
3591	1051
3592	991
3593	1090
3594	1002
3595	995
3596	979
3597	1038
3598	968
3599	1009
3600	1004
3601	1052
3602	1085
3603	1083
3604	975
3605	1014
3606	985
3607	1031
3608	1011
3609	998
3610	985
3611	1043
3612	1012
3613	1002
3614	1040
3615	1029
3616	976
3617	994
3618	1016
3619	1009
3620	919
3621	1021
3622	951
3623	965
3624	984
3625	983
3626	963
3627	973
3628	955
3629	982
3630	1006
3631	954
3632	998
3633	1003
3634	956
3635	981
3636	976
3637	1004
3638	907
3639	963
3640	980
3641	925
3642	948
3643	956
3644	1008
3645	968
3646	893
3647	931
3648	920
3649	936
3650	912
3651	967
3652	917
3653	906
3654	1000
3655	933
3656	891
3657	964
3658	905
3659	955
3660	915
3661	921
3662	873
3663	912
3664	884
3665	925
3666	956
3667	924
3668	887
3669	948
3670	885
3671	949
3672	937
3673	913
3674	878
3675	873
3676	942
3677	874
3678	903
3679	922
3680	874
3681	892
3682	900
3683	939
3684	884
3685	973
3686	876
3687	917
3688	856
3689	925
3690	861
3691	842
3692	868
3693	890
3694	876
3695	900
3696	884
3697	849
3698	948
3699	937
3700	823
3701	893
3702	843
3703	894
3704	864
3705	866
3706	931
3707	892
3708	828
3709	796
3710	876
3711	932
3712	801
3713	824
3714	896
3715	828
3716	869
3717	892
3718	836
3719	872
3720	841
3721	876
3722	834
3723	866
3724	851
3725	855
3726	908
3727	823
3728	816
3729	842
3730	849
3731	871
3732	804
3733	827
3734	806
3735	751
3736	792
3737	812
3738	838
3739	864
3740	818
3741	815
3742	776
3743	778
3744	766
3745	863
3746	821
3747	808
3748	805
3749	780
3750	833
3751	822
3752	809
3753	803
3754	828
3755	771
3756	815
3757	824
3758	750
3759	781
3760	819
3761	806
3762	821
3763	800
3764	824
3765	823
3766	762
3767	805
3768	805
3769	811
3770	812
3771	783
3772	717
3773	720
3774	785
3775	822
3776	742
3777	775
3778	748
3779	759
3780	783
3781	734
3782	801
3783	783
3784	728
3785	778
3786	765
3787	765
3788	712
3789	776
3790	801
3791	768
3792	740
3793	800
3794	716
3795	771
3796	702
3797	746
3798	724
3799	711
3800	721
3801	729
3802	709
3803	776
3804	711
3805	716
3806	724
3807	758
3808	712
3809	757
3810	697
3811	729
3812	767
3813	659
3814	739
3815	721
3816	728
3817	731
3818	705
3819	682
3820	728
3821	700
3822	704
3823	707
3824	700
3825	704
3826	743
3827	654
3828	723
3829	705
3830	670
3831	722
3832	685
3833	689
3834	681
3835	736
3836	689
3837	672
3838	723
3839	708
3840	711
3841	667
3842	658
3843	703
3844	669
3845	703
3846	737
3847	712
3848	702
3849	672
3850	690
3851	663
3852	702
3853	728
3854	661
3855	666
3856	673
3857	620
3858	699
3859	666
3860	672
3861	643
3862	685
3863	665
3864	642
3865	713
3866	686
3867	687
3868	668
3869	677
3870	664
3871	671
3872	613
3873	676
3874	679
3875	681
3876	668
3877	658
3878	683
3879	635
3880	625
3881	669
3882	628
3883	612
3884	632
3885	672
3886	644
3887	662
3888	678
3889	652
3890	612
3891	647
3892	624
3893	655
3894	645
3895	653
3896	613
3897	619
3898	669
3899	614
3900	597
3901	627
3902	660
3903	629
3904	603
3905	625
3906	621
3907	654
3908	613
3909	637
3910	645
3911	625
3912	634
3913	595
3914	602
3915	644
3916	626
3917	606
3918	561
3919	586
3920	618
3921	660
3922	626
3923	646
3924	589
3925	562
3926	609
3927	613
3928	669
3929	613
3930	569
3931	610
3932	621
3933	637
3934	599
3935	612
3936	547
3937	593
3938	594
3939	589
3940	612
3941	546
3942	545
3943	602
3944	626
3945	557
3946	603
3947	549
3948	596
3949	531
3950	622
3951	624
3952	583
3953	560
3954	593
3955	606
3956	589
3957	581
3958	612
3959	577
3960	598
3961	570
3962	562
3963	583
3964	584
3965	556
3966	555
3967	518
3968	542
3969	573
3970	509
3971	530
3972	541
3973	556
3974	575
3975	578
3976	499
3977	538
3978	563
3979	553
3980	618
3981	537
3982	552
3983	576
3984	488
3985	570
3986	538
3987	557
3988	545
3989	502
3990	549
3991	535
3992	593
3993	526
3994	521
3995	533
3996	571
3997	556
3998	589
3999	519
4000	512
4001	579
4002	522
4003	508
4004	520
4005	532
4006	515
4007	532
4008	512
4009	527
4010	541
4011	561
4012	541
4013	525
4014	491
4015	532
4016	495
4017	506
4018	546
4019	554
4020	500
4021	504
4022	517
4023	530
4024	513
4025	504
4026	480
4027	505
4028	517
4029	497
4030	521
4031	488
4032	482
4033	481
4034	526
4035	503
4036	535
4037	502
4038	455
4039	514
4040	471
4041	513
4042	498
4043	492
4044	462
4045	497
4046	462
4047	505
4048	452
4049	493
4050	462
4051	478
4052	459
4053	492
4054	467
4055	504
4056	482
4057	461
4058	500
4059	485
4060	499
4061	467
4062	467
4063	471
4064	446
4065	442
4066	503
4067	468
4068	445
4069	467
4070	500
4071	457
4072	481
4073	448
4074	452
4075	446
4076	479
4077	429
4078	480
4079	452
4080	430
4081	445
4082	452
4083	452
4084	436
4085	437
4086	456
4087	466
4088	419
4089	483
4090	449
4091	471
4092	462
4093	448
4094	491
4095	463
4096	447
4097	435
4098	458
4099	438
4100	441
4101	457
4102	433
4103	458
4104	465
4105	439
4106	433
4107	439
4108	433
4109	420
4110	385
4111	452
4112	446
4113	435
4114	436
4115	427
4116	406
4117	431
4118	439
4119	403
4120	437
4121	458
4122	442
4123	408
4124	396
4125	417
4126	445
4127	426
4128	409
4129	445
4130	485
4131	426
4132	440
4133	423
4134	378
4135	408
4136	394
4137	413
4138	439
4139	398
4140	427
4141	384
4142	430
4143	392
4144	416
4145	416
4146	432
4147	397
4148	389
4149	427
4150	422
4151	420
4152	437
4153	413
4154	403
4155	401
4156	416
4157	388
4158	401
4159	411
4160	371
4161	385
4162	378
4163	422
4164	406
4165	438
4166	425
4167	380
4168	423
4169	387
4170	396
4171	421
4172	384
4173	381
4174	380
4175	390
4176	396
4177	383
4178	371
4179	375
4180	426
4181	386
4182	351
4183	385
4184	405
4185	398
4186	360
4187	385
4188	392
4189	429
4190	375
4191	368
4192	380
4193	378
4194	351
4195	384
4196	388
4197	371
4198	380
4199	368
4200	335
4201	360
4202	395
4203	360
4204	354
4205	362
4206	329
4207	356
4208	400
4209	382
4210	371
4211	346
4212	362
4213	373
4214	352
4215	380
4216	345
4217	360
4218	337
4219	346
4220	387
4221	344
4222	343
4223	336
4224	335
4225	376
4226	345
4227	337
4228	334
4229	363
4230	365
4231	356
4232	340
4233	376
4234	331
4235	356
4236	336
4237	323
4238	334
4239	330
4240	345
4241	349
4242	351
4243	357
4244	326
4245	338
4246	413
4247	392
4248	356
4249	349
4250	320
4251	339
4252	348
4253	352
4254	326
4255	364
4256	330
4257	327
4258	367
4259	350
4260	320
4261	336
4262	329
4263	339
4264	314
4265	274
4266	327
4267	293
4268	336
4269	301
4270	307
4271	333
4272	306
4273	338
4274	292
4275	336
4276	294
4277	300
4278	308
4279	305
4280	322
4281	310
4282	299
4283	330
4284	291
4285	311
4286	333
4287	310
4288	282
4289	320
4290	333
4291	303
4292	303
4293	292
4294	296
4295	299
4296	324
4297	310
4298	294
4299	310
4300	326
4301	292
4302	347
4303	311
4304	280
4305	316
4306	294
4307	314
4308	339
4309	299
4310	304
4311	277
4312	257
4313	250
4314	293
4315	294
4316	277
4317	311
4318	289
4319	283
4320	283
4321	306
4322	271
4323	289
4324	280
4325	303
4326	302
4327	292
4328	265
4329	305
4330	301
4331	303
4332	271
4333	291
4334	288
4335	265
4336	287
4337	276
4338	271
4339	273
4340	299
4341	248
4342	279
4343	285
4344	307
4345	279
4346	267
4347	262
4348	268
4349	274
4350	278
4351	261
4352	254
4353	312
4354	259
4355	259
4356	261
4357	273
4358	281
4359	272
4360	259
4361	248
4362	270
4363	289
4364	272
4365	269
4366	272
4367	290
4368	275
4369	259
4370	275
4371	280
4372	291
4373	247
4374	284
4375	284
4376	260
4377	263
4378	279
4379	251
4380	242
4381	257
4382	226
4383	280
4384	271
4385	262
4386	252
4387	221
4388	235
4389	270
4390	280
4391	245
4392	268
4393	264
4394	281
4395	260
4396	244
4397	270
4398	251
4399	233
4400	246
4401	227
4402	230
4403	258
4404	252
4405	228
4406	239
4407	240
4408	229
4409	211
4410	265
4411	231
4412	250
4413	253
4414	228
4415	232
4416	245
4417	242
4418	234
4419	239
4420	202
4421	240
4422	231
4423	243
4424	246
4425	226
4426	212
4427	222
4428	216
4429	258
4430	233
4431	237
4432	213
4433	230
4434	214
4435	216
4436	239
4437	223
4438	246
4439	244
4440	205
4441	245
4442	225
4443	211
4444	225
4445	207
4446	223
4447	225
4448	205
4449	191
4450	226
4451	211
4452	213
4453	214
4454	224
4455	230
4456	242
4457	187
4458	204
4459	224
4460	224
4461	194
4462	214
4463	227
4464	208
4465	209
4466	194
4467	211
4468	208
4469	204
4470	208
4471	210
4472	206
4473	214
4474	214
4475	211
4476	234
4477	219
4478	208
4479	204
4480	202
4481	194
4482	233
4483	239
4484	202
4485	205
4486	205
4487	224
4488	192
4489	200
4490	212
4491	210
4492	209
4493	213
4494	209
4495	193
4496	200
4497	205
4498	190
4499	207
4500	213
4501	207
4502	192
4503	203
4504	156
4505	206
4506	178
4507	194
4508	179
4509	191
4510	178
4511	198
4512	207
4513	200
4514	206
4515	195
4516	173
4517	188
4518	207
4519	193
4520	192
4521	190
4522	171
4523	210
4524	199
4525	190
4526	182
4527	156
4528	165
4529	185
4530	192
4531	172
4532	181
4533	191
4534	203
4535	174
4536	187
4537	203
4538	195
4539	205
4540	185
4541	203
4542	164
4543	165
4544	195
4545	204
4546	168
4547	182
4548	184
4549	180
4550	188
4551	190
4552	174
4553	158
4554	197
4555	186
4556	179
4557	160
4558	172
4559	171
4560	155
4561	178
4562	127
4563	165
4564	161
4565	174
4566	134
4567	189
4568	182
4569	169
4570	180
4571	142
4572	163
4573	164
4574	174
4575	132
4576	169
4577	149
4578	168
4579	153
4580	159
4581	178
4582	160
4583	163
4584	156
4585	165
4586	150
4587	168
4588	167
4589	154
4590	164
4591	188
4592	125
4593	143
4594	161
4595	186
4596	159
4597	171
4598	182
4599	140
4600	140
4601	163
4602	167
4603	153
4604	147
4605	156
4606	147
4607	132
4608	139
4609	175
4610	172
4611	173
4612	155
4613	167
4614	147
4615	175
4616	123
4617	124
4618	155
4619	143
4620	137
4621	157
4622	159
4623	148
4624	165
4625	146
4626	135
4627	149
4628	144
4629	162
4630	145
4631	166
4632	133
4633	149
4634	132
4635	134
4636	122
4637	162
4638	153
4639	148
4640	130
4641	136
4642	173
4643	155
4644	143
4645	127
4646	121
4647	142
4648	131
4649	145
4650	130
4651	151
4652	154
4653	141
4654	131
4655	136
4656	146
4657	121
4658	129
4659	122
4660	139
4661	130
4662	136
4663	159
4664	125
4665	141
4666	123
4667	126
4668	132
4669	123
4670	112
4671	136
4672	120
4673	135
4674	118
4675	136
4676	116
4677	133
4678	116
4679	142
4680	114
4681	129
4682	127
4683	154
4684	113
4685	123
4686	121
4687	147
4688	102
4689	122
4690	117
4691	119
4692	133
4693	125
4694	126
4695	116
4696	122
4697	126
4698	110
4699	116
4700	111
4701	113
4702	119
4703	128
4704	105
4705	113
4706	129
4707	115
4708	100
4709	123
4710	137
4711	125
4712	121
4713	114
4714	132
4715	112
4716	121
4717	100
4718	108
4719	127
4720	114
4721	102
4722	127
4723	124
4724	99
4725	106
4726	125
4727	118
4728	119
4729	124
4730	117
4731	112
4732	116
4733	94
4734	119
4735	139
4736	99
4737	122
4738	109
4739	103
4740	97
4741	114
4742	113
4743	98
4744	106
4745	109
4746	109
4747	121
4748	99
4749	110
4750	94
4751	100
4752	99
4753	112
4754	94
4755	99
4756	126
4757	119
4758	108
4759	105
4760	91
4761	109
4762	102
4763	96
4764	106
4765	102
4766	82
4767	111
4768	108
4769	114
4770	107
4771	119
4772	104
4773	114
4774	106
4775	90
4776	101
4777	93
4778	88
4779	114
4780	112
4781	97
4782	103
4783	74
4784	108
4785	99
4786	105
4787	103
4788	96
4789	95
4790	95
4791	93
4792	92
4793	103
4794	101
4795	95
4796	97
4797	82
4798	82
4799	87
4800	96
4801	101
4802	102
4803	93
4804	92
4805	81
4806	87
4807	109
4808	89
4809	93
4810	88
4811	95
4812	97
4813	103
4814	86
4815	81
4816	92
4817	100
4818	92
4819	87
4820	79
4821	90
4822	90
4823	92
4824	81
4825	82
4826	83
4827	70
4828	81
4829	95
4830	83
4831	80
4832	83
4833	88
4834	95
4835	77
4836	82
4837	90
4838	86
4839	81
4840	100
4841	99
4842	79
4843	68
4844	75
4845	78
4846	89
4847	79
4848	77
4849	82
4850	91
4851	69
4852	101
4853	82
4854	83
4855	96
4856	75
4857	81
4858	83
4859	71
4860	81
4861	77
4862	77
4863	82
4864	66
4865	87
4866	75
4867	78
4868	76
4869	104
4870	71
4871	73
4872	83
4873	76
4874	89
4875	73
4876	65
4877	78
4878	83
4879	76
4880	65
4881	71
4882	70
4883	71
4884	80
4885	67
4886	89
4887	57
4888	68
4889	83
4890	63
4891	80
4892	71
4893	76
4894	67
4895	80
4896	80
4897	71
4898	69
4899	73
4900	83
4901	75
4902	72
4903	60
4904	60
4905	77
4906	71
4907	81
4908	75
4909	63
4910	68
4911	65
4912	51
4913	66
4914	78
4915	85
4916	77
4917	70
4918	63
4919	68
4920	59
4921	69
4922	61
4923	65
4924	55
4925	58
4926	71
4927	61
4928	66
4929	66
4930	65
4931	66
4932	65
4933	59
4934	64
4935	70
4936	71
4937	63
4938	66
4939	55
4940	69
4941	72
4942	82
4943	63
4944	58
4945	54
4946	48
4947	64
4948	66
4949	55
4950	59
4951	69
4952	63
4953	72
4954	55
4955	61
4956	49
4957	71
4958	59
4959	61
4960	69
4961	58
4962	64
4963	67
4964	69
4965	52
4966	65
4967	62
4968	42
4969	71
4970	54
4971	60
4972	57
4973	53
4974	59
4975	52
4976	70
4977	56
4978	50
4979	58
4980	61
4981	53
4982	60
4983	63
4984	71
4985	50
4986	52
4987	72
4988	41
4989	46
4990	51
4991	40
4992	48
4993	56
4994	65
4995	63
4996	52
4997	59
4998	57
4999	57
5000	44
5001	49
5002	53
5003	63
5004	53
5005	53
5006	52
5007	56
5008	62
5009	49
5010	55
5011	59
5012	56
5013	45
5014	45
5015	40
5016	49
5017	62
5018	39
5019	48
5020	46
5021	52
5022	50
5023	54
5024	41
5025	50
5026	53
5027	44
5028	62
5029	52
5030	50
5031	50
5032	60
5033	47
5034	53
5035	49
5036	44
5037	54
5038	45
5039	37
5040	58
5041	61
5042	43
5043	48
5044	43
5045	44
5046	40
5047	38
5048	49
5049	42
5050	47
5051	42
5052	44
5053	43
5054	40
5055	32
5056	57
5057	47
5058	45
5059	47
5060	49
5061	49
5062	46
5063	51
5064	46
5065	34
5066	55
5067	41
5068	30
5069	46
5070	43
5071	53
5072	36
5073	52
5074	41
5075	42
5076	55
5077	38
5078	44
5079	36
5080	50
5081	45
5082	45
5083	43
5084	30
5085	47
5086	39
5087	38
5088	35
5089	40
5090	42
5091	35
5092	45
5093	35
5094	36
5095	47
5096	38
5097	35
5098	60
5099	41
5100	40
5101	50
5102	50
5103	43
5104	41
5105	36
5106	33
5107	33
5108	50
5109	30
5110	41
5111	35
5112	37
5113	43
5114	28
5115	33
5116	33
5117	36
5118	42
5119	44
5120	34
5121	32
5122	37
5123	41
5124	33
5125	39
5126	33
5127	38
5128	29
5129	35
5130	25
5131	35
5132	26
5133	37
5134	34
5135	37
5136	46
5137	32
5138	36
5139	42
5140	37
5141	38
5142	32
5143	30
5144	35
5145	34
5146	38
5147	32
5148	30
5149	29
5150	32
5151	39
5152	33
5153	35
5154	27
5155	31
5156	39
5157	32
5158	30
5159	26
5160	21
5161	44
5162	23
5163	28
5164	38
5165	29
5166	33
5167	34
5168	20
5169	20
5170	28
5171	32
5172	22
5173	40
5174	38
5175	34
5176	33
5177	30
5178	48
5179	42
5180	37
5181	31
5182	29
5183	35
5184	25
5185	26
5186	32
5187	31
5188	26
5189	31
5190	33
5191	24
5192	35
5193	30
5194	25
5195	25
5196	26
5197	30
5198	23
5199	33
5200	21
5201	24
5202	32
5203	29
5204	24
5205	25
5206	30
5207	30
5208	20
5209	18
5210	17
5211	30
5212	25
5213	34
5214	28
5215	19
5216	25
5217	34
5218	19
5219	26
5220	24
5221	23
5222	27
5223	27
5224	21
5225	31
5226	26
5227	26
5228	27
5229	21
5230	28
5231	22
5232	25
5233	32
5234	24
5235	28
5236	22
5237	22
5238	20
5239	16
5240	23
5241	23
5242	22
5243	13
5244	21
5245	23
5246	20
5247	25
5248	18
5249	25
5250	28
5251	22
5252	21
5253	27
5254	24
5255	21
5256	22
5257	22
5258	16
5259	21
5260	19
5261	28
5262	28
5263	22
5264	24
5265	23
5266	21
5267	14
5268	24
5269	25
5270	19
5271	24
5272	24
5273	23
5274	30
5275	23
5276	25
5277	8
5278	24
5279	21
5280	23
5281	14
5282	24
5283	22
5284	25
5285	22
5286	24
5287	18
5288	22
5289	24
5290	25
5291	21
5292	15
5293	17
5294	17
5295	17
5296	11
5297	23
5298	22
5299	20
5300	21
5301	23
5302	20
5303	18
5304	23
5305	18
5306	24
5307	16
5308	16
5309	16
5310	18
5311	17
5312	19
5313	17
5314	25
5315	15
5316	19
5317	24
5318	9
5319	16
5320	17
5321	13
5322	17
5323	15
5324	22
5325	12
5326	19
5327	12
5328	18
5329	23
5330	20
5331	15
5332	20
5333	18
5334	29
5335	14
5336	24
5337	12
5338	17
5339	14
5340	23
5341	15
5342	12
5343	18
5344	15
5345	19
5346	18
5347	20
5348	14
5349	20
5350	13
5351	29
5352	26
5353	10
5354	21
5355	10
5356	20
5357	16
5358	10
5359	7
5360	8
5361	16
5362	14
5363	14
5364	22
5365	21
5366	13
5367	19
5368	12
5369	11
5370	16
5371	19
5372	12
5373	17
5374	21
5375	13
5376	11
5377	17
5378	10
5379	12
5380	14
5381	11
5382	16
5383	18
5384	10
5385	19
5386	17
5387	18
5388	8
5389	10
5390	11
5391	11
5392	15
5393	14
5394	15
5395	22
5396	18
5397	12
5398	10
5399	12
5400	14
5401	14
5402	13
5403	14
5404	16
5405	12
5406	8
5407	18
5408	12
5409	12
5410	13
5411	9
5412	15
5413	12
5414	12
5415	12
5416	15
5417	9
5418	14
5419	15
5420	15
5421	15
5422	21
5423	15
5424	18
5425	10
5426	9
5427	9
5428	7
5429	11
5430	15
5431	8
5432	13
5433	13
5434	14
5435	12
5436	12
5437	15
5438	25
5439	13
5440	11
5441	18
5442	13
5443	13
5444	11
5445	12
5446	10
5447	9
5448	12
5449	14
5450	10
5451	10
5452	12
5453	12
5454	16
5455	12
5456	11
5457	9
5458	8
5459	6
5460	8
5461	14
5462	11
5463	9
5464	14
5465	9
5466	10
5467	11
5468	13
5469	16
5470	9
5471	2
5472	9
5473	12
5474	10
5475	13
5476	17
5477	13
5478	12
5479	12
5480	14
5481	14
5482	10
5483	13
5484	13
5485	9
5486	11
5487	11
5488	8
5489	6
5490	9
5491	16
5492	6
5493	7
5494	8
5495	12
5496	11
5497	8
5498	14
5499	11
5500	5
5501	6
5502	7
5503	9
5504	14
5505	14
5506	11
5507	10
5508	11
5509	10
5510	8
5511	11
5512	3
5513	8
5514	9
5515	10
5516	7
5517	4
5518	8
5519	10
5520	13
5521	10
5522	8
5523	5
5524	5
5525	3
5526	11
5527	6
5528	9
5529	12
5530	7
5531	13
5532	13
5533	9
5534	6
5535	8
5536	6
5537	8
5538	9
5539	6
5540	12
5541	5
5542	8
5543	14
5544	5
5545	17
5546	12
5547	6
5548	4
5549	10
5550	6
5551	11
5552	6
5553	9
5554	6
5555	8
5556	7
5557	10
5558	3
5559	10
5560	9
5561	10
5562	9
5563	9
5564	2
5565	14
5566	7
5567	6
5568	9
5569	7
5570	9
5571	17
5572	9
5573	6
5574	9
5575	4
5576	14
5577	14
5578	10
5579	5
5580	11
5581	3
5582	8
5583	10
5584	9
5585	8
5586	7
5587	6
5588	11
5589	9
5590	2
5591	5
5592	7
5593	6
5594	7
5595	3
5596	10
5597	8
5598	10
5599	6
5600	4
5601	7
5602	7
5603	11
5604	4
5605	5
5606	11
5607	6
5608	8
5609	9
5610	9
5611	8
5612	12
5613	1
5614	7
5615	14
5616	4
5617	6
5618	10
5619	6
5620	8
5621	7
5622	7
5623	11
5624	4
5625	2
5626	11
5627	8
5628	6
5629	4
5630	7
5631	10
5632	3
5633	6
5634	4
5635	10
5636	9
5637	7
5638	6
5639	6
5640	5
5641	2
5642	10
5643	9
5644	9
5645	9
5646	2
5647	4
5648	7
5649	5
5650	4
5651	9
5652	2
5653	7
5654	5
5655	8
5656	9
5657	10
5658	12
5659	11
5660	3
5661	5
5662	5
5663	5
5664	7
5665	5
5666	8
5667	8
5668	6
5669	7
5670	8
5671	9
5672	0
5673	6
5674	6
5675	9
5676	6
5677	1
5678	3
5679	4
5680	4
5681	5
5682	5
5683	6
5684	6
5685	3
5686	4
5687	6
5688	12
5689	7
5690	5
5691	5
5692	3
5693	6
5694	5
5695	9
5696	8
5697	5
5698	5
5699	4
5700	3
5701	3
5702	9
5703	7
5704	3
5705	9
5706	4
5707	5
5708	5
5709	13
5710	4
5711	6
5712	7
5713	9
5714	5
5715	4
5716	7
5717	6
5718	2
5719	4
5720	6
5721	6
5722	9
5723	6
5724	3
5725	5
5726	8
5727	4
5728	3
5729	5
5730	12
5731	3
5732	2
5733	4
5734	4
5735	5
5736	6
5737	6
5738	7
5739	5
5740	4
5741	4
5742	6
5743	2
5744	6
5745	3
5746	3
5747	4
5748	3
5749	6
5750	4
5751	7
5752	3
5753	8
5754	2
5755	9
5756	9
5757	3
5758	4
5759	4
5760	3
5761	4
5762	4
5763	5
5764	5
5765	5
5766	7
5767	6
5768	6
5769	4
5770	5
5771	5
5772	2
5773	7
5774	6
5775	2
5776	6
5777	4
5778	5
5779	7
5780	3
5781	2
5782	4
5783	8
5784	3
5785	9
5786	7
5787	5
5788	12
5789	4
5790	3
5791	5
5792	4
5793	5
5794	3
5795	6
5796	3
5797	5
5798	7
5799	2
5800	2
5801	5
5802	4
5803	6
5804	1
5805	6
5806	4
5807	4
5808	6
5809	6
5810	3
5811	3
5812	5
5813	6
5814	3
5815	7
5816	1
5817	5
5818	1
5819	7
5820	6
5821	3
5822	3
5823	7
5824	5
5825	2
5826	4
5827	8
5828	6
5829	5
5830	5
5831	4
5832	2
5833	2
5834	6
5835	4
5836	8
5837	4
5838	6
5839	4
5840	5
5841	7
5842	3
5843	4
5844	1
5845	5
5846	3
5847	6
5848	3
5849	5
5850	3
5851	2
5852	4
5853	6
5854	2
5855	4
5856	5
5857	6
5858	1
5859	6
5860	4
5861	7
5862	5
5863	3
5864	5
5865	4
5866	4
5867	5
5868	5
5869	2
5870	5
5871	2
5872	5
5873	4
5874	1
5875	4
5876	1
5877	3
5878	5
5879	2
5880	6
5881	4
5882	4
5883	1
5884	4
5885	8
5886	3
5887	2
5888	3
5889	7
5890	3
5891	7
5892	2
5893	3
5894	3
5895	4
5896	6
5897	2
5898	3
5899	8
5900	3
5901	3
5902	7
5903	3
5904	6
5905	2
5906	6
5907	5
5908	1
5909	1
5910	4
5911	4
5912	5
5913	5
5914	3
5915	11
5916	4
5917	7
5918	2
5919	3
5920	3
5921	3
5922	2
5923	3
5924	2
5925	5
5926	6
5927	6
5928	9
5929	2
5930	5
5931	2
5932	3
5933	2
5934	4
5935	5
5936	4
5937	5
5938	4
5939	2
5940	4
5941	6
5942	4
5943	4
5944	4
5945	6
5946	7
5947	3
5948	4
5949	3
5950	3
5951	6
5952	3
5953	2
5954	2
5955	4
5956	2
5957	4
5958	1
5959	4
5960	4
5961	2
5962	2
5963	5
5964	7
5965	3
5966	8
5967	2
5968	3
5969	1
5970	9
5971	6
5972	4
5973	5
5974	2
5975	4
5976	1
5977	3
5978	4
5979	5
5980	4
5981	3
5982	4
5983	2
5984	3
5985	3
5986	2
5987	5
5988	3
5989	3
5990	4
5991	3
5992	4
5993	3
5994	8
5995	2
5996	3
5997	8
5998	4
5999	4
6000	5
6001	3
6002	2
6003	5
6004	4
6005	2
6006	4
6007	2
6008	2
6009	4
6010	3
6011	4
6012	3
6013	8
6014	3
6015	5
6016	3
6017	3
6018	4
6019	5
6020	9
6021	4
6022	1
6023	2
6024	4
6025	5
6026	3
6027	2
6028	1
6029	3
6030	3
6031	3
6032	8
6033	4
6034	2
6035	0
6036	0
6037	7
6038	5
6039	5
6040	1
6041	4
6042	3
6043	2
6044	2
6045	3
6046	1
6047	4
6048	2
6049	2
6050	7
6051	2
6052	5
6053	4
6054	3
6055	3
6056	3
6057	4
6058	1
6059	6
6060	3
6061	0
6062	1
6063	5
6064	1
6065	2
6066	5
6067	3
6068	2
6069	7
6070	4
6071	6
6072	4
6073	2
6074	7
6075	4
6076	5
6077	4
6078	4
6079	1
6080	7
6081	4
6082	5
6083	5
6084	5
6085	3
6086	6
6087	5
6088	3
6089	7
6090	4
6091	4
6092	1
6093	4
6094	6
6095	3
6096	4
6097	5
6098	4
6099	3
6100	4
6101	2
6102	3
6103	6
6104	3
6105	3
6106	2
6107	5
6108	3
6109	3
6110	1
6111	4
6112	6
6113	5
6114	4
6115	3
6116	2
6117	5
6118	5
6119	3
6120	2
6121	3
6122	3
6123	3
6124	2
6125	5
6126	6
6127	4
6128	10
6129	5
6130	7
6131	6
6132	5
6133	9
6134	6
6135	4
6136	1
6137	3
6138	8
6139	2
6140	4
6141	6
6142	5
6143	2
6144	5
6145	5
6146	2
6147	4
6148	2
6149	2
6150	3
6151	5
6152	5
6153	5
6154	7
6155	3
6156	3
6157	3
6158	4
6159	6
6160	8
6161	6
6162	3
6163	3
6164	6
6165	3
6166	1
6167	4
6168	4
6169	1
6170	10
6171	2
6172	3
6173	2
6174	6
6175	5
6176	3
6177	6
6178	5
6179	5
6180	2
6181	2
6182	4
6183	4
6184	5
6185	5
6186	4
6187	1
6188	4
6189	6
6190	2
6191	1
6192	3
6193	4
6194	3
6195	2
6196	3
6197	2
6198	4
6199	1
6200	3
6201	3
6202	5
6203	2
6204	7
6205	1
6206	2
6207	2
6208	3
6209	4
6210	6
6211	5
6212	1
6213	8
6214	2
6215	7
6216	3
6217	4
6218	7
6219	5
6220	5
6221	4
6222	4
6223	3
6224	3
6225	4
6226	3
6227	1
6228	7
6229	4
6230	3
6231	4
6232	2
6233	4
6234	4
6235	5
6236	5
6237	4
6238	3
6239	4
6240	5
6241	5
6242	5
6243	6
6244	5
6245	6
6246	5
6247	4
6248	3
6249	2
6250	2
6251	5
6252	3
6253	3
6254	7
6255	2
6256	2
6257	4
6258	4
6259	2
6260	2
6261	7
6262	6
6263	2
6264	6
6265	1
6266	3
6267	4
6268	4
6269	6
6270	1
6271	3
6272	4
6273	2
6274	3
6275	2
6276	3
6277	3
6278	6
6279	3
6280	2
6281	6
6282	4
6283	7
6284	5
6285	0
6286	3
6287	2
6288	2
6289	5
6290	2
6291	2
6292	9
6293	5
6294	6
6295	6
6296	6
6297	4
6298	3
6299	1
6300	3
6301	2
6302	8
6303	3
6304	4
6305	1
6306	2
6307	2
6308	2
6309	4
6310	2
6311	2
6312	2
6313	7
6314	3
6315	4
6316	6
6317	2
6318	6
6319	2
6320	3
6321	8
6322	2
6323	2
6324	3
6325	3
6326	5
6327	2
6328	5
6329	3
6330	1
6331	2
6332	0
6333	6
6334	5
6335	6
6336	3
6337	5
6338	4
6339	2
6340	3
6341	3
6342	5
6343	0
6344	3
6345	2
6346	3
6347	4
6348	6
6349	6
6350	4
6351	1
6352	3
6353	5
6354	1
6355	0
6356	6
6357	3
6358	5
6359	3
6360	3
6361	4
6362	0
6363	0
6364	2
6365	3
6366	1
6367	2
6368	1
6369	1
6370	6
6371	2
6372	1
6373	2
6374	1
6375	4
6376	5
6377	3
6378	5
6379	0
6380	5
6381	3
6382	5
6383	6
6384	4
6385	1
6386	1
6387	0
6388	4
6389	0
6390	0
6391	0
6392	1
6393	5
6394	2
6395	2
6396	2
6397	1
6398	1
6399	2
6400	1
6401	2
6402	2
6403	1
6404	1
6405	1
6406	2
6407	2
6408	4
6409	4
6410	4
6411	2
6412	1
6413	2
6414	1
6415	1
6416	0
6417	1
6418	0
6419	3
6420	3
6421	4
6422	2
6423	3
6424	3
6425	0
6426	4
6427	1
6428	3
6429	3
6430	3
6431	1
6432	2
6433	1
6434	1
6435	3
6436	2
6437	2
6438	6
6439	3
6440	1
6441	1
6442	1
6443	1
6444	2
6445	3
6446	1
6447	4
6448	1
6449	2
6450	3
6451	3
6452	3
6453	1
6454	1
6455	1
6456	2
6457	2
6458	0
6459	3
6460	1
6461	3
6462	1
6463	1
6464	2
6465	2
6466	3
6467	4
6468	3
6469	2
6470	4
6471	0
6472	1
6473	3
6474	2
6475	2
6476	2
6477	1
6478	0
6479	0
6480	3
6481	1
6482	2
6483	2
6484	1
6485	3
6486	2
6487	3
6488	4
6489	1
6490	1
6491	0
6492	1
6493	5
6494	1
6495	1
6496	6
6497	3
6498	0
6499	3
6500	5
6501	7
6502	1
6503	1
6504	2
6505	2
6506	1
6507	2
6508	4
6509	3
6510	1
6511	1
6512	3
6513	1
6514	4
6515	3
6516	1
6517	2
6518	3
6519	4
6520	0
6521	2
6522	2
6523	2
6524	3
6525	1
6526	0
6527	1
6528	2
6529	4
6530	3
6531	1
6532	4
6533	3
6534	2
6535	0
6536	4
6537	1
6538	2
6539	1
6540	3
6541	3
6542	3
6543	1
6544	1
6545	3
6546	0
6547	1
6548	1
6549	2
6550	0
6551	0
6552	4
6553	2
6554	1
6555	2
6556	1
6557	2
6558	1
6559	2
6560	0
6561	0
6562	1
6563	2
6564	2
6565	2
6566	1
6567	1
6568	1
6569	3
6570	3
6571	2
6572	2
6573	4
6574	3
6575	1
6576	1
6577	3
6578	2
6579	2
6580	0
6581	1
6582	2
6583	1
6584	0
6585	3
6586	3
6587	4
6588	2
6589	1
6590	2
6591	4
6592	1
6593	1
6594	2
6595	0
6596	0
6597	1
6598	2
6599	1
6600	0
6601	0
6602	1
6603	2
6604	2
6605	1
6606	2
6607	0
6608	2
6609	2
6610	1
6611	0
6612	6
6613	2
6614	1
6615	1
6616	2
6617	0
6618	0
6619	4
6620	1
6621	0
6622	2
6623	3
6624	0
6625	2
6626	2
6627	1
6628	4
6629	2
6630	2
6631	0
6632	1
6633	1
6634	1
6635	1
6636	0
6637	0
6638	1
6639	1
6640	1
6641	1
6642	2
6643	1
6644	1
6645	0
6646	3
6647	3
6648	0
6649	5
6650	3
6651	1
6652	2
6653	3
6654	1
6655	1
6656	2
6657	1
6658	0
6659	0
6660	3
6661	0
6662	0
6663	0
6664	0
6665	0
6666	0
6667	0
6668	2
6669	0
6670	1
6671	3
6672	1
6673	1
6674	1
6675	1
6676	1
6677	2
6678	2
6679	3
6680	4
6681	1
6682	3
6683	5
6684	1
6685	1
6686	2
6687	1
6688	0
6689	1
6690	1
6691	1
6692	0
6693	1
6694	1
6695	0
6696	0
6697	3
6698	1
6699	1
6700	1
6701	2
6702	1
6703	1
6704	2
6705	1
6706	0
6707	1
6708	0
6709	1
6710	0
6711	0
6712	1
6713	0
6714	0
6715	1
6716	1
6717	0
6718	0
6719	1
6720	3
6721	2
6722	2
6723	0
6724	2
6725	1
6726	1
6727	0
6728	0
6729	2
6730	1
6731	3
6732	2
6733	4
6734	0
6735	0
6736	2
6737	1
6738	2
6739	1
6740	3
6741	1
6742	0
6743	2
6744	0
6745	0
6746	0
6747	2
6748	1
6749	1
6750	2
6751	1
6752	1
6753	3
6754	2
6755	0
6756	0
6757	1
6758	1
6759	0
6760	0
6761	0
6762	1
6763	2
6764	1
6765	2
6766	0
6767	0
6768	1
6769	1
6770	0
6771	0
6772	0
6773	1
6774	0
6775	2
6776	1
6777	2
6778	0
6779	0
6780	0
6781	0
6782	4
6783	0
6784	0
6785	1
6786	3
6787	0
6788	1
6789	3
6790	1
6791	1
6792	0
6793	4
6794	1
6795	2
6796	0
6797	0
6798	1
6799	1
6800	0
6801	0
6802	2
6803	0
6804	2
6805	0
6806	0
6807	0
6808	3
6809	1
6810	1
6811	0
6812	1
6813	0
6814	2
6815	2
6816	1
6817	3
6818	0
6819	0
6820	0
6821	1
6822	1
6823	0
6824	0
6825	1
6826	0
6827	0
6828	1
6829	1
6830	1
6831	3
6832	1
6833	0
6834	3
6835	0
6836	0
6837	0
6838	0
6839	2
6840	1
6841	1
6842	2
6843	2
6844	1
6845	1
6846	1
6847	0
6848	2
6849	0
6850	1
6851	0
6852	0
6853	1
6854	0
6855	0
6856	1
6857	2
6858	1
6859	0
6860	3
6861	4
6862	0
6863	0
6864	0
6865	1
6866	0
6867	1
6868	1
6869	1
6870	1
6871	1
6872	0
6873	2
6874	1
6875	0
6876	0
6877	0
6878	3
6879	2
6880	1
6881	0
6882	0
6883	0
6884	1
6885	0
6886	0
6887	2
6888	0
6889	2
6890	0
6891	1
6892	0
6893	3
6894	0
6895	0
6896	0
6897	0
6898	1
6899	0
6900	3
6901	1
6902	0
6903	3
6904	4
6905	0
6906	2
6907	1
6908	0
6909	1
6910	1
6911	0
6912	2
6913	1
6914	1
6915	2
6916	3
6917	0
6918	1
6919	1
6920	1
6921	0
6922	0
6923	2
6924	0
6925	1
6926	0
6927	0
6928	4
6929	0
6930	1
6931	1
6932	2
6933	0
6934	1
6935	1
6936	2
6937	0
6938	2
6939	2
6940	0
6941	0
6942	0
6943	0
6944	2
6945	0
6946	1
6947	1
6948	1
6949	0
6950	0
6951	1
6952	4
6953	1
6954	2
6955	1
6956	0
6957	0
6958	2
6959	1
6960	2
6961	3
6962	1
6963	2
6964	1
6965	1
6966	2
6967	1
6968	1
6969	2
6970	0
6971	1
6972	1
6973	0
6974	1
6975	1
6976	1
6977	3
6978	1
6979	0
6980	0
6981	4
6982	1
6983	1
6984	1
6985	2
6986	0
6987	2
6988	0
6989	1
6990	1
6991	0
6992	3
6993	0
6994	1
6995	0
6996	1
6997	1
6998	3
6999	0
7000	0
7001	1
7002	1
7003	2
7004	1
7005	1
7006	1
7007	0
7008	2
7009	0
7010	1
7011	2
7012	1
7013	0
7014	0
7015	1
7016	2
7017	0
7018	1
7019	1
7020	1
7021	3
7022	0
7023	0
7024	1
7025	1
7026	2
7027	1
7028	0
7029	2
7030	2
7031	0
7032	1
7033	1
7034	1
7035	0
7036	4
7037	1
7038	1
7039	2
7040	1
7041	4
7042	1
7043	2
7044	1
7045	2
7046	3
7047	0
7048	0
7049	0
7050	1
7051	2
7052	0
7053	1
7054	0
7055	0
7056	1
7057	1
7058	2
7059	2
7060	1
7061	1
7062	0
7063	1
7064	0
7065	2
7066	0
7067	1
7068	1
7069	2
7070	3
7071	1
7072	1
7073	1
7074	3
7075	0
7076	2
7077	2
7078	1
7079	0
7080	0
7081	2
7082	0
7083	1
7084	1
7085	0
7086	0
7087	1
7088	0
7089	0
7090	1
7091	2
7092	1
7093	2
7094	1
7095	2
7096	1
7097	1
7098	0
7099	5
7100	0
7101	2
7102	0
7103	1
7104	3
7105	1
7106	1
7107	0
7108	1
7109	3
7110	2
7111	1
7112	1
7113	0
7114	0
7115	1
7116	2
7117	0
7118	2
7119	0
7120	1
7121	1
7122	0
7123	0
7124	0
7125	1
7126	1
7127	0
7128	3
7129	2
7130	2
7131	2
7132	2
7133	0
7134	0
7135	1
7136	0
7137	1
7138	2
7139	2
7140	0
7141	1
7142	0
7143	1
7144	2
7145	2
7146	0
7147	1
7148	0
7149	2
7150	0
7151	0
7152	1
7153	1
7154	2
7155	1
7156	1
7157	0
7158	2
7159	2
7160	3
7161	1
7162	0
7163	0
7164	2
7165	1
7166	0
7167	0
7168	2
7169	0
7170	1
7171	1
7172	2
7173	0
7174	2
7175	0
7176	1
7177	1
7178	4
7179	0
7180	2
7181	1
7182	1
7183	2
7184	0
7185	0
7186	2
7187	3
7188	0
7189	0
7190	0
7191	1
7192	1
7193	1
7194	0
7195	1
7196	2
7197	0
7198	1
7199	0
7200	2
7201	0
7202	0
7203	1
7204	2
7205	2
7206	1
7207	0
7208	0
7209	0
7210	3
7211	1
7212	0
7213	0
7214	1
7215	1
7216	0
7217	1
7218	1
7219	0
7220	0
7221	3
7222	4
7223	1
7224	1
7225	1
7226	0
7227	0
7228	1
7229	0
7230	0
7231	3
7232	3
7233	0
7234	2
7235	1
7236	0
7237	0
7238	2
7239	0
7240	2
7241	0
7242	1
7243	1
7244	4
7245	2
7246	2
7247	2
7248	0
7249	2
7250	3
7251	1
7252	2
7253	3
7254	3
7255	1
7256	2
7257	0
7258	0
7259	1
7260	0
7261	1
7262	1
7263	2
7264	0
7265	0
7266	2
7267	2
7268	1
7269	1
7270	1
7271	1
7272	1
7273	2
7274	1
7275	2
7276	0
7277	0
7278	0
7279	1
7280	0
7281	0
7282	1
7283	0
7284	3
7285	2
7286	1
7287	2
7288	2
7289	0
7290	0
7291	1
7292	1
7293	3
7294	1
7295	0
7296	0
7297	1
7298	1
7299	1
7300	1
7301	2
7302	0
7303	1
7304	0
7305	2
7306	2
7307	0
7308	1
7309	3
7310	1
7311	2
7312	1
7313	2
7314	0
7315	1
7316	2
7317	6
7318	3
7319	1
7320	0
7321	0
7322	2
7323	1
7324	0
7325	1
7326	3
7327	3
7328	0
7329	1
7330	2
7331	2
7332	2
7333	1
7334	1
7335	0
7336	1
7337	1
7338	2
7339	0
7340	3
7341	0
7342	1
7343	1
7344	0
7345	2
7346	0
7347	2
7348	1
7349	1
7350	0
7351	2
7352	2
7353	0
7354	1
7355	2
7356	0
7357	0
7358	2
7359	0
7360	2
7361	1
7362	2
7363	2
7364	2
7365	2
7366	1
7367	1
7368	1
7369	1
7370	1
7371	0
7372	0
7373	1
7374	1
7375	2
7376	2
7377	0
7378	2
7379	1
7380	0
7381	1
7382	2
7383	0
7384	0
7385	0
7386	1
7387	0
7388	0
7389	1
7390	0
7391	4
7392	0
7393	0
7394	2
7395	1
7396	0
7397	0
7398	1
7399	3
7400	0
7401	3
7402	0
7403	0
7404	0
7405	1
7406	0
7407	0
7408	0
7409	0
7410	2
7411	0
7412	1
7413	0
7414	0
7415	1
7416	0
7417	1
7418	0
7419	0
7420	0
7421	1
7422	1
7423	0
7424	1
7425	1
7426	1
7427	0
7428	1
7429	0
7430	1
7431	3
7432	2
7433	1
7434	3
7435	3
7436	1
7437	1
7438	0
7439	1
7440	1
7441	1
7442	1
7443	1
7444	1
7445	2
7446	1
7447	1
7448	1
7449	0
7450	2
7451	0
7452	0
7453	1
7454	0
7455	1
7456	2
7457	1
7458	1
7459	0
7460	2
7461	2
7462	1
7463	1
7464	1
7465	0
7466	2
7467	1
7468	0
7469	0
7470	2
7471	0
7472	0
7473	1
7474	0
7475	1
7476	1
7477	3
7478	1
7479	2
7480	1
7481	2
7482	1
7483	4
7484	2
7485	1
7486	0
7487	0
7488	0
7489	1
7490	1
7491	0
7492	2
7493	2
7494	0
7495	1
7496	0
7497	1
7498	1
7499	2
7500	0
7501	0
7502	3
7503	1
7504	1
7505	0
7506	1
7507	0
7508	0
7509	1
7510	0
7511	0
7512	2
7513	1
7514	3
7515	0
7516	0
7517	1
7518	1
7519	1
7520	2
7521	3
7522	1
7523	1
7524	1
7525	1
7526	1
7527	1
7528	0
7529	3
7530	2
7531	1
7532	1
7533	1
7534	1
7535	0
7536	0
7537	1
7538	1
7539	0
7540	0
7541	0
7542	1
7543	0
7544	2
7545	0
7546	1
7547	2
7548	4
7549	1
7550	1
7551	1
7552	2
7553	0
7554	1
7555	1
7556	0
7557	1
7558	3
7559	0
7560	1
7561	1
7562	1
7563	0
7564	2
7565	1
7566	0
7567	2
7568	0
7569	1
7570	2
7571	1
7572	0
7573	0
7574	0
7575	0
7576	0
7577	1
7578	1
7579	0
7580	1
7581	1
7582	0
7583	1
7584	1
7585	0
7586	0
7587	1
7588	0
7589	3
7590	3
7591	0
7592	0
7593	0
7594	1
7595	2
7596	4
7597	1
7598	1
7599	0
7600	1
7601	0
7602	2
7603	0
7604	0
7605	0
7606	2
7607	1
7608	1
7609	1
7610	1
7611	2
7612	1
7613	4
7614	1
7615	0
7616	1
7617	3
7618	1
7619	3
7620	0
7621	1
7622	2
7623	1
7624	2
7625	0
7626	1
7627	2
7628	0
7629	2
7630	1
7631	2
7632	0
7633	1
7634	1
7635	1
7636	1
7637	3
7638	1
7639	1
7640	0
7641	2
7642	1
7643	2
7644	0
7645	0
7646	2
7647	0
7648	1
7649	0
7650	0
7651	1
7652	0
7653	1
7654	1
7655	0
7656	1
7657	2
7658	0
7659	1
7660	0
7661	1
7662	1
7663	0
7664	4
7665	0
7666	3
7667	2
7668	3
7669	2
7670	2
7671	0
7672	0
7673	1
7674	2
7675	1
7676	1
7677	1
7678	2
7679	1
7680	0
7681	2
7682	2
7683	0
7684	3
7685	0
7686	0
7687	1
7688	0
7689	1
7690	0
7691	0
7692	1
7693	2
7694	1
7695	0
7696	2
7697	0
7698	0
7699	1
7700	1
7701	0
7702	2
7703	0
7704	1
7705	2
7706	0
7707	1
7708	1
7709	0
7710	3
7711	0
7712	1
7713	1
7714	2
7715	0
7716	0
7717	2
7718	1
7719	1
7720	2
7721	2
7722	0
7723	0
7724	2
7725	1
7726	0
7727	1
7728	0
7729	0
7730	0
7731	0
7732	1
7733	1
7734	2
7735	3
7736	0
7737	2
7738	0
7739	0
7740	1
7741	0
7742	0
7743	1
7744	0
7745	3
7746	0
7747	2
7748	0
7749	1
7750	3
7751	3
7752	0
7753	1
7754	0
7755	2
7756	0
7757	0
7758	1
7759	1
7760	1
7761	3
7762	1
7763	2
7764	2
7765	0
7766	3
7767	1
7768	0
7769	2
7770	1
7771	1
7772	0
7773	2
7774	1
7775	0
7776	0
7777	0
7778	2
7779	0
7780	1
7781	3
7782	1
7783	1
7784	2
7785	1
7786	1
7787	1
7788	2
7789	1
7790	1
7791	1
7792	2
7793	2
7794	1
7795	1
7796	0
7797	2
7798	3
7799	1
7800	2
7801	1
7802	0
7803	1
7804	0
7805	1
7806	2
7807	0
7808	5
7809	2
7810	1
7811	1
7812	0
7813	2
7814	0
7815	2
7816	2
7817	0
7818	0
7819	1
7820	1
7821	0
7822	0
7823	1
7824	0
7825	0
7826	0
7827	1
7828	0
7829	2
7830	0
7831	0
7832	4
7833	2
7834	0
7835	1
7836	0
7837	0
7838	2
7839	0
7840	0
7841	1
7842	0
7843	0
7844	0
7845	1
7846	0
7847	1
7848	0
7849	0
7850	0
7851	0
7852	1
7853	0
7854	1
7855	2
7856	0
7857	4
7858	1
7859	3
7860	0
7861	4
7862	0
7863	1
7864	0
7865	1
7866	1
7867	0
7868	3
7869	2
7870	2
7871	0
7872	2
7873	0
7874	1
7875	1
7876	2
7877	0
7878	1
7879	2
7880	1
7881	2
7882	0
7883	1
7884	0
7885	1
7886	1
7887	2
7888	2
7889	3
7890	1
7891	2
7892	0
7893	1
7894	1
7895	1
7896	0
7897	0
7898	0
7899	1
7900	0
7901	0
7902	1
7903	2
7904	0
7905	0
7906	2
7907	3
7908	0
7909	1
7910	2
7911	1
7912	2
7913	1
7914	0
7915	2
7916	0
7917	2
7918	0
7919	1
7920	0
7921	1
7922	2
7923	2
7924	2
7925	1
7926	0
7927	4
7928	2
7929	0
7930	1
7931	0
7932	3
7933	0
7934	0
7935	1
7936	1
7937	0
7938	0
7939	2
7940	1
7941	1
7942	1
7943	1
7944	0
7945	0
7946	1
7947	0
7948	2
7949	1
7950	1
7951	2
7952	0
7953	3
7954	2
7955	3
7956	0
7957	0
7958	2
7959	2
7960	0
7961	0
7962	2
7963	0
7964	1
7965	1
7966	1
7967	0
7968	1
7969	0
7970	2
7971	2
7972	1
7973	1
7974	1
7975	2
7976	2
7977	2
7978	2
7979	1
7980	0
7981	1
7982	0
7983	0
7984	0
7985	1
7986	0
7987	1
7988	0
7989	1
7990	1
7991	3
7992	1
7993	0
7994	1
7995	0
7996	2
7997	0
7998	1
7999	3
8000	0
8001	3
8002	13
8003	15
8004	13
8005	12
8006	12
8007	16
8008	12
8009	12
8010	16
8011	15
8012	9
8013	17
8014	12
8015	15
8016	16
8017	18
8018	20
8019	15
8020	18
8021	15
8022	24
8023	19
8024	12
8025	17
8026	11
8027	19
8028	12
8029	16
8030	15
8031	10
8032	16
8033	14
8034	18
8035	12
8036	12
8037	16
8038	21
8039	19
8040	17
8041	15
8042	20
8043	17
8044	7
8045	12
8046	24
8047	15
8048	16
8049	13
8050	22
8051	14
8052	25
8053	17
8054	9
8055	16
8056	24
8057	16
8058	13
8059	21
8060	11
8061	22
8062	19
8063	13
8064	14
8065	14
8066	21
8067	20
8068	11
8069	19
8070	11
8071	14
8072	15
8073	14
8074	13
8075	15
8076	15
8077	12
8078	11
8079	19
8080	17
8081	12
8082	11
8083	15
8084	19
8085	13
8086	11
8087	8
8088	18
8089	14
8090	10
8091	10
8092	13
8093	15
8094	13
8095	16
8096	15
8097	19
8098	10
8099	20
8100	19
8101	19
8102	19
8103	17
8104	11
8105	8
8106	18
8107	14
8108	14
8109	11
8110	10
8111	16
8112	17
8113	17
8114	20
8115	10
8116	12
8117	24
8118	14
8119	17
8120	21
8121	10
8122	16
8123	12
8124	9
8125	22
8126	7
8127	14
8128	15
8129	14
8130	12
8131	17
8132	21
8133	16
8134	17
8135	13
8136	9
8137	13
8138	13
8139	19
8140	15
8141	9
8142	17
8143	19
8144	9
8145	23
8146	15
8147	11
8148	10
8149	11
8150	14
8151	14
8152	16
8153	9
8154	13
8155	18
8156	16
8157	15
8158	13
8159	17
8160	13
8161	13
8162	16
8163	16
8164	9
8165	8
8166	19
8167	10
8168	10
8169	4
8170	18
8171	20
8172	11
8173	14
8174	19
8175	13
8176	14
8177	6
8178	20
8179	12
8180	21
8181	16
8182	9
8183	15
8184	17
8185	19
8186	18
8187	20
8188	18
8189	19
8190	17
8191	20
8192	0
