0	0
1	0
2	0
3	0
4	0
5	0
6	0
7	0
8	0
9	0
10	0
11	0
12	0
13	0
14	0
15	0
16	0
17	0
18	0
19	0
20	0
21	0
22	0
23	0
24	0
25	0
26	0
27	0
28	0
29	0
30	0
31	0
32	0
33	0
34	0
35	0
36	0
37	0
38	0
39	0
40	0
41	0
42	0
43	0
44	0
45	0
46	0
47	0
48	0
49	0
50	0
51	0
52	0
53	0
54	0
55	0
56	0
57	0
58	0
59	0
60	0
61	0
62	0
63	0
64	0
65	0
66	0
67	0
68	0
69	0
70	0
71	0
72	0
73	0
74	0
75	0
76	0
77	0
78	0
79	0
80	0
81	0
82	0
83	0
84	0
85	0
86	0
87	0
88	0
89	0
90	0
91	0
92	0
93	0
94	0
95	0
96	0
97	0
98	0
99	0
100	0
101	0
102	0
103	0
104	0
105	0
106	0
107	0
108	0
109	0
110	0
111	0
112	0
113	0
114	0
115	0
116	0
117	0
118	0
119	0
120	0
121	0
122	0
123	0
124	0
125	0
126	0
127	0
128	0
129	0
130	0
131	0
132	0
133	0
134	0
135	0
136	0
137	0
138	0
139	0
140	0
141	0
142	0
143	0
144	0
145	0
146	0
147	0
148	0
149	0
150	0
151	0
152	0
153	0
154	0
155	0
156	0
157	0
158	0
159	0
160	0
161	0
162	0
163	0
164	0
165	0
166	0
167	0
168	0
169	0
170	0
171	0
172	0
173	0
174	0
175	0
176	0
177	0
178	0
179	0
180	0
181	0
182	0
183	0
184	0
185	0
186	0
187	0
188	0
189	0
190	0
191	0
192	0
193	0
194	0
195	0
196	0
197	0
198	0
199	7
200	18
201	39
202	84
203	134
204	286
205	422
206	712
207	1272
208	4760
209	26012
210	70674
211	1.2403e+05
212	1.5341e+05
213	1.5544e+05
214	1.4861e+05
215	1.3802e+05
216	1.3265e+05
217	1.2573e+05
218	1.1815e+05
219	1.1054e+05
220	1.0629e+05
221	99123
222	94305
223	86572
224	83046
225	77728
226	73842
227	68566
228	65784
229	61763
230	58027
231	53329
232	51476
233	48336
234	45793
235	42183
236	40141
237	37771
238	35660
239	32641
240	31277
241	29506
242	27750
243	25783
244	24541
245	23259
246	21717
247	20052
248	19144
249	18211
250	17208
251	15714
252	15283
253	14405
254	13580
255	12271
256	11979
257	11409
258	10420
259	10118
260	9481
261	8955
262	8634
263	7999
264	7825
265	7356
266	7018
267	6710
268	6472
269	6181
270	5860
271	5424
272	5227
273	4988
274	4842
275	4605
276	4453
277	4241
278	4077
279	3958
280	3888
281	3780
282	3726
283	3614
284	3453
285	3433
286	3354
287	3127
288	3245
289	3121
290	3002
291	2923
292	2897
293	2853
294	2773
295	2673
296	2733
297	2721
298	2596
299	2588
300	2592
301	2647
302	2596
303	2594
304	2523
305	2584
306	2495
307	2455
308	2455
309	2538
310	2500
311	2329
312	2509
313	2521
314	2402
315	2406
316	2443
317	2477
318	2477
319	2446
320	2468
321	2485
322	2525
323	2403
324	2527
325	2561
326	2459
327	2394
328	2530
329	2504
330	2501
331	2545
332	2570
333	2547
334	2553
335	2503
336	2481
337	2482
338	2528
339	2521
340	2635
341	2548
342	2631
343	2612
344	2583
345	2599
346	2720
347	2615
348	2648
349	2659
350	2667
351	2609
352	2739
353	2747
354	2715
355	2578
356	2777
357	2698
358	2800
359	2662
360	2738
361	2663
362	2807
363	2701
364	2761
365	2799
366	2786
367	2734
368	2800
369	2780
370	2919
371	2810
372	2837
373	2869
374	2790
375	2756
376	2820
377	2870
378	2849
379	2830
380	2945
381	2884
382	2827
383	2758
384	2865
385	2854
386	2755
387	2815
388	2844
389	2871
390	2948
391	2797
392	2856
393	2842
394	2890
395	2759
396	2932
397	2840
398	2765
399	2729
400	2772
401	2749
402	2719
403	2773
404	2815
405	2672
406	2829
407	2820
408	2743
409	2729
410	2734
411	2706
412	2668
413	2682
414	2707
415	2494
416	2666
417	2587
418	2633
419	2587
420	2673
421	2613
422	2557
423	2484
424	2524
425	2431
426	2487
427	2395
428	2381
429	2440
430	2346
431	2299
432	2324
433	2409
434	2342
435	2323
436	2293
437	2338
438	2221
439	2223
440	2239
441	2213
442	2196
443	2073
444	2073
445	2162
446	2192
447	2025
448	2056
449	1988
450	2013
451	1885
452	1916
453	2015
454	1829
455	1845
456	1868
457	1972
458	1816
459	1876
460	1781
461	1833
462	1704
463	1712
464	1771
465	1625
466	1689
467	1633
468	1557
469	1668
470	1522
471	1459
472	1494
473	1505
474	1590
475	1512
476	1492
477	1397
478	1422
479	1425
480	1377
481	1357
482	1341
483	1254
484	1323
485	1367
486	1256
487	1249
488	1225
489	1185
490	1194
491	1162
492	1251
493	1157
494	1166
495	1153
496	1126
497	1063
498	1100
499	1100
500	1035
501	1088
502	1082
503	1069
504	1044
505	1010
506	1036
507	991
508	983
509	917
510	920
511	869
512	965
513	899
514	907
515	803
516	913
517	975
518	855
519	817
520	831
521	807
522	856
523	816
524	873
525	832
526	773
527	772
528	766
529	812
530	773
531	744
532	732
533	715
534	749
535	753
536	736
537	685
538	684
539	703
540	692
541	715
542	671
543	711
544	725
545	675
546	653
547	643
548	670
549	658
550	627
551	654
552	649
553	608
554	639
555	635
556	654
557	643
558	636
559	629
560	606
561	646
562	645
563	656
564	597
565	640
566	597
567	585
568	605
569	597
570	565
571	633
572	613
573	573
574	578
575	567
576	572
577	594
578	587
579	579
580	544
581	567
582	587
583	565
584	567
585	543
586	591
587	585
588	554
589	563
590	556
591	604
592	644
593	561
594	580
595	569
596	582
597	538
598	582
599	533
600	546
601	526
602	559
603	545
604	590
605	568
606	536
607	588
608	568
609	512
610	541
611	617
612	552
613	548
614	568
615	556
616	541
617	560
618	534
619	526
620	543
621	581
622	560
623	503
624	550
625	581
626	518
627	558
628	528
629	514
630	571
631	556
632	508
633	539
634	556
635	530
636	539
637	549
638	524
639	531
640	559
641	504
642	552
643	524
644	541
645	551
646	529
647	531
648	561
649	544
650	510
651	541
652	505
653	506
654	546
655	543
656	526
657	516
658	544
659	545
660	514
661	545
662	565
663	509
664	551
665	552
666	508
667	539
668	530
669	517
670	529
671	493
672	524
673	502
674	517
675	512
676	508
677	525
678	530
679	521
680	562
681	502
682	513
683	543
684	560
685	493
686	539
687	495
688	479
689	513
690	544
691	492
692	518
693	528
694	548
695	502
696	580
697	575
698	502
699	510
700	498
701	538
702	560
703	514
704	512
705	540
706	521
707	494
708	498
709	536
710	519
711	484
712	554
713	529
714	491
715	538
716	481
717	515
718	477
719	503
720	507
721	506
722	493
723	517
724	500
725	490
726	474
727	493
728	504
729	513
730	530
731	487
732	503
733	521
734	510
735	502
736	507
737	512
738	528
739	512
740	496
741	486
742	505
743	504
744	472
745	531
746	516
747	532
748	525
749	512
750	496
751	477
752	510
753	549
754	502
755	489
756	470
757	501
758	490
759	496
760	564
761	470
762	488
763	478
764	535
765	482
766	511
767	464
768	505
769	484
770	487
771	499
772	484
773	480
774	502
775	474
776	486
777	494
778	523
779	487
780	474
781	533
782	485
783	471
784	478
785	478
786	437
787	480
788	498
789	489
790	509
791	487
792	498
793	509
794	501
795	462
796	523
797	526
798	463
799	477
800	551
801	550
802	460
803	474
804	512
805	472
806	457
807	490
808	472
809	472
810	463
811	480
812	502
813	466
814	501
815	476
816	532
817	530
818	467
819	430
820	499
821	481
822	456
823	463
824	448
825	481
826	459
827	459
828	465
829	439
830	501
831	425
832	502
833	489
834	479
835	452
836	474
837	498
838	447
839	480
840	476
841	461
842	443
843	442
844	502
845	468
846	454
847	495
848	455
849	479
850	475
851	489
852	453
853	459
854	511
855	493
856	506
857	498
858	477
859	441
860	523
861	449
862	455
863	473
864	478
865	473
866	500
867	429
868	477
869	434
870	447
871	459
872	467
873	500
874	479
875	461
876	494
877	448
878	443
879	457
880	449
881	423
882	477
883	454
884	466
885	460
886	471
887	474
888	486
889	441
890	490
891	487
892	467
893	453
894	454
895	491
896	463
897	473
898	452
899	463
900	414
901	471
902	493
903	444
904	450
905	464
906	484
907	489
908	434
909	492
910	489
911	492
912	452
913	438
914	420
915	430
916	487
917	447
918	471
919	434
920	501
921	458
922	470
923	453
924	470
925	487
926	443
927	445
928	452
929	439
930	455
931	434
932	476
933	470
934	442
935	453
936	428
937	482
938	466
939	371
940	445
941	448
942	491
943	417
944	464
945	423
946	450
947	436
948	455
949	444
950	394
951	442
952	477
953	479
954	410
955	428
956	498
957	441
958	442
959	447
960	448
961	426
962	494
963	459
964	428
965	407
966	415
967	448
968	454
969	483
970	456
971	449
972	477
973	435
974	419
975	412
976	454
977	454
978	400
979	426
980	442
981	486
982	424
983	453
984	456
985	464
986	436
987	433
988	469
989	470
990	393
991	446
992	442
993	459
994	443
995	429
996	465
997	453
998	443
999	437
1000	413
1001	504
1002	378
1003	412
1004	453
1005	437
1006	441
1007	414
1008	474
1009	424
1010	469
1011	430
1012	445
1013	460
1014	423
1015	400
1016	419
1017	402
1018	400
1019	445
1020	443
1021	442
1022	452
1023	375
1024	405
1025	425
1026	478
1027	438
1028	439
1029	420
1030	420
1031	473
1032	413
1033	444
1034	417
1035	410
1036	431
1037	453
1038	404
1039	428
1040	442
1041	397
1042	432
1043	415
1044	481
1045	443
1046	399
1047	438
1048	446
1049	416
1050	422
1051	440
1052	462
1053	432
1054	462
1055	415
1056	452
1057	398
1058	466
1059	395
1060	418
1061	457
1062	413
1063	415
1064	413
1065	447
1066	404
1067	447
1068	412
1069	423
1070	465
1071	412
1072	409
1073	456
1074	412
1075	404
1076	436
1077	474
1078	449
1079	422
1080	386
1081	400
1082	376
1083	410
1084	399
1085	412
1086	435
1087	451
1088	440
1089	408
1090	431
1091	443
1092	429
1093	424
1094	460
1095	442
1096	416
1097	388
1098	419
1099	404
1100	392
1101	412
1102	443
1103	417
1104	432
1105	382
1106	394
1107	436
1108	449
1109	472
1110	419
1111	422
1112	401
1113	428
1114	401
1115	410
1116	423
1117	443
1118	426
1119	394
1120	425
1121	375
1122	419
1123	406
1124	427
1125	387
1126	371
1127	428
1128	443
1129	410
1130	418
1131	403
1132	437
1133	438
1134	404
1135	397
1136	419
1137	426
1138	433
1139	423
1140	424
1141	425
1142	425
1143	387
1144	409
1145	436
1146	452
1147	403
1148	412
1149	395
1150	415
1151	408
1152	392
1153	378
1154	407
1155	406
1156	403
1157	428
1158	428
1159	415
1160	423
1161	410
1162	404
1163	399
1164	405
1165	419
1166	451
1167	421
1168	441
1169	417
1170	432
1171	369
1172	408
1173	407
1174	410
1175	401
1176	399
1177	433
1178	388
1179	373
1180	404
1181	400
1182	416
1183	429
1184	390
1185	400
1186	432
1187	443
1188	411
1189	410
1190	420
1191	375
1192	402
1193	394
1194	444
1195	429
1196	408
1197	423
1198	429
1199	421
1200	395
1201	393
1202	403
1203	368
1204	434
1205	400
1206	412
1207	399
1208	398
1209	398
1210	377
1211	428
1212	377
1213	415
1214	400
1215	420
1216	408
1217	396
1218	412
1219	389
1220	416
1221	384
1222	390
1223	383
1224	404
1225	421
1226	422
1227	390
1228	410
1229	427
1230	410
1231	394
1232	379
1233	384
1234	388
1235	407
1236	433
1237	403
1238	428
1239	417
1240	372
1241	417
1242	390
1243	385
1244	404
1245	383
1246	413
1247	394
1248	388
1249	418
1250	386
1251	392
1252	428
1253	412
1254	410
1255	348
1256	374
1257	433
1258	403
1259	350
1260	408
1261	423
1262	425
1263	414
1264	410
1265	381
1266	390
1267	381
1268	382
1269	420
1270	435
1271	403
1272	416
1273	410
1274	422
1275	413
1276	396
1277	406
1278	413
1279	401
1280	379
1281	387
1282	391
1283	385
1284	395
1285	359
1286	399
1287	359
1288	398
1289	424
1290	422
1291	384
1292	391
1293	372
1294	367
1295	383
1296	396
1297	385
1298	446
1299	408
1300	416
1301	420
1302	385
1303	422
1304	412
1305	375
1306	410
1307	381
1308	394
1309	377
1310	399
1311	396
1312	385
1313	389
1314	426
1315	421
1316	377
1317	395
1318	417
1319	388
1320	420
1321	399
1322	400
1323	339
1324	375
1325	402
1326	406
1327	423
1328	419
1329	412
1330	422
1331	379
1332	379
1333	404
1334	409
1335	393
1336	426
1337	390
1338	396
1339	403
1340	376
1341	397
1342	407
1343	366
1344	401
1345	391
1346	379
1347	394
1348	386
1349	405
1350	420
1351	377
1352	372
1353	415
1354	410
1355	414
1356	413
1357	414
1358	402
1359	409
1360	404
1361	415
1362	370
1363	428
1364	363
1365	393
1366	360
1367	396
1368	397
1369	382
1370	354
1371	371
1372	412
1373	417
1374	342
1375	388
1376	358
1377	398
1378	382
1379	409
1380	374
1381	357
1382	383
1383	399
1384	397
1385	372
1386	387
1387	378
1388	401
1389	392
1390	388
1391	384
1392	380
1393	383
1394	378
1395	376
1396	420
1397	385
1398	367
1399	362
1400	394
1401	420
1402	369
1403	416
1404	386
1405	374
1406	428
1407	398
1408	406
1409	356
1410	416
1411	380
1412	381
1413	402
1414	400
1415	371
1416	406
1417	386
1418	370
1419	382
1420	379
1421	380
1422	409
1423	338
1424	403
1425	385
1426	382
1427	385
1428	436
1429	382
1430	365
1431	410
1432	393
1433	386
1434	399
1435	399
1436	385
1437	396
1438	395
1439	396
1440	364
1441	431
1442	386
1443	404
1444	406
1445	369
1446	438
1447	407
1448	394
1449	390
1450	384
1451	420
1452	392
1453	407
1454	380
1455	389
1456	396
1457	392
1458	388
1459	399
1460	400
1461	394
1462	399
1463	390
1464	379
1465	393
1466	394
1467	402
1468	411
1469	383
1470	367
1471	377
1472	395
1473	385
1474	395
1475	396
1476	400
1477	400
1478	414
1479	409
1480	364
1481	382
1482	373
1483	410
1484	397
1485	409
1486	360
1487	380
1488	376
1489	425
1490	378
1491	375
1492	397
1493	385
1494	377
1495	427
1496	408
1497	394
1498	374
1499	375
1500	388
1501	353
1502	379
1503	403
1504	376
1505	356
1506	376
1507	390
1508	383
1509	382
1510	390
1511	353
1512	380
1513	387
1514	422
1515	394
1516	396
1517	413
1518	418
1519	383
1520	418
1521	382
1522	399
1523	391
1524	404
1525	418
1526	403
1527	395
1528	395
1529	393
1530	425
1531	379
1532	405
1533	416
1534	384
1535	361
1536	383
1537	401
1538	413
1539	393
1540	367
1541	388
1542	408
1543	397
1544	384
1545	413
1546	446
1547	393
1548	356
1549	404
1550	416
1551	367
1552	376
1553	405
1554	406
1555	411
1556	399
1557	415
1558	389
1559	399
1560	370
1561	384
1562	406
1563	368
1564	397
1565	416
1566	422
1567	400
1568	429
1569	376
1570	420
1571	373
1572	414
1573	446
1574	435
1575	382
1576	412
1577	342
1578	391
1579	369
1580	393
1581	371
1582	410
1583	391
1584	409
1585	414
1586	408
1587	400
1588	410
1589	387
1590	413
1591	399
1592	353
1593	422
1594	397
1595	363
1596	394
1597	365
1598	381
1599	373
1600	364
1601	357
1602	392
1603	406
1604	397
1605	398
1606	385
1607	431
1608	371
1609	400
1610	416
1611	393
1612	434
1613	379
1614	386
1615	394
1616	410
1617	370
1618	406
1619	412
1620	406
1621	376
1622	425
1623	392
1624	388
1625	388
1626	383
1627	404
1628	413
1629	386
1630	418
1631	406
1632	384
1633	370
1634	362
1635	366
1636	409
1637	397
1638	405
1639	361
1640	443
1641	389
1642	367
1643	408
1644	410
1645	395
1646	400
1647	425
1648	412
1649	401
1650	398
1651	400
1652	411
1653	434
1654	418
1655	393
1656	386
1657	425
1658	418
1659	402
1660	396
1661	410
1662	407
1663	375
1664	397
1665	376
1666	412
1667	390
1668	387
1669	396
1670	395
1671	362
1672	398
1673	376
1674	392
1675	398
1676	394
1677	428
1678	422
1679	366
1680	399
1681	423
1682	478
1683	390
1684	416
1685	385
1686	350
1687	429
1688	442
1689	413
1690	430
1691	350
1692	402
1693	430
1694	424
1695	386
1696	367
1697	394
1698	378
1699	353
1700	422
1701	402
1702	366
1703	386
1704	399
1705	404
1706	389
1707	387
1708	399
1709	368
1710	388
1711	368
1712	394
1713	422
1714	420
1715	394
1716	435
1717	409
1718	381
1719	381
1720	398
1721	402
1722	381
1723	402
1724	396
1725	365
1726	401
1727	410
1728	390
1729	411
1730	404
1731	390
1732	348
1733	413
1734	388
1735	417
1736	395
1737	390
1738	383
1739	374
1740	400
1741	377
1742	408
1743	370
1744	358
1745	402
1746	403
1747	402
1748	393
1749	369
1750	454
1751	435
1752	399
1753	427
1754	403
1755	381
1756	381
1757	399
1758	417
1759	415
1760	376
1761	384
1762	403
1763	397
1764	405
1765	373
1766	410
1767	396
1768	413
1769	390
1770	428
1771	383
1772	379
1773	378
1774	383
1775	383
1776	436
1777	395
1778	387
1779	376
1780	382
1781	361
1782	385
1783	408
1784	390
1785	404
1786	420
1787	399
1788	405
1789	408
1790	406
1791	431
1792	406
1793	414
1794	433
1795	377
1796	417
1797	386
1798	388
1799	394
1800	394
1801	364
1802	417
1803	393
1804	388
1805	434
1806	403
1807	444
1808	365
1809	407
1810	381
1811	430
1812	396
1813	389
1814	405
1815	384
1816	387
1817	370
1818	392
1819	400
1820	441
1821	412
1822	403
1823	368
1824	384
1825	406
1826	423
1827	389
1828	390
1829	379
1830	390
1831	373
1832	366
1833	416
1834	413
1835	386
1836	396
1837	428
1838	422
1839	371
1840	395
1841	423
1842	371
1843	400
1844	380
1845	409
1846	406
1847	351
1848	388
1849	414
1850	378
1851	409
1852	390
1853	419
1854	433
1855	392
1856	381
1857	408
1858	391
1859	410
1860	393
1861	447
1862	383
1863	383
1864	416
1865	367
1866	422
1867	409
1868	344
1869	381
1870	378
1871	378
1872	370
1873	415
1874	398
1875	366
1876	416
1877	345
1878	412
1879	354
1880	355
1881	412
1882	387
1883	399
1884	430
1885	407
1886	398
1887	391
1888	378
1889	387
1890	378
1891	414
1892	387
1893	371
1894	402
1895	394
1896	398
1897	399
1898	430
1899	417
1900	395
1901	397
1902	400
1903	363
1904	402
1905	409
1906	391
1907	386
1908	411
1909	409
1910	399
1911	406
1912	400
1913	382
1914	396
1915	391
1916	388
1917	422
1918	390
1919	359
1920	413
1921	379
1922	366
1923	388
1924	358
1925	398
1926	357
1927	387
1928	403
1929	404
1930	393
1931	363
1932	408
1933	377
1934	385
1935	348
1936	361
1937	399
1938	418
1939	414
1940	386
1941	387
1942	386
1943	345
1944	404
1945	375
1946	370
1947	371
1948	384
1949	379
1950	375
1951	342
1952	357
1953	379
1954	418
1955	373
1956	357
1957	375
1958	388
1959	295
1960	358
1961	362
1962	358
1963	366
1964	388
1965	358
1966	353
1967	328
1968	355
1969	391
1970	337
1971	355
1972	355
1973	339
1974	361
1975	337
1976	347
1977	366
1978	342
1979	376
1980	330
1981	320
1982	341
1983	350
1984	362
1985	341
1986	365
1987	332
1988	310
1989	325
1990	345
1991	309
1992	360
1993	338
1994	350
1995	339
1996	381
1997	311
1998	306
1999	310
2000	289
2001	328
2002	303
2003	293
2004	318
2005	351
2006	321
2007	294
2008	296
2009	323
2010	304
2011	301
2012	312
2013	312
2014	319
2015	276
2016	313
2017	322
2018	325
2019	295
2020	313
2021	279
2022	295
2023	294
2024	290
2025	313
2026	266
2027	268
2028	269
2029	282
2030	286
2031	278
2032	291
2033	297
2034	302
2035	302
2036	261
2037	308
2038	281
2039	267
2040	268
2041	267
2042	294
2043	305
2044	258
2045	273
2046	271
2047	239
2048	276
2049	278
2050	282
2051	261
2052	253
2053	272
2054	267
2055	261
2056	226
2057	235
2058	283
2059	213
2060	237
2061	249
2062	284
2063	264
2064	272
2065	281
2066	247
2067	216
2068	245
2069	241
2070	231
2071	231
2072	240
2073	236
2074	231
2075	207
2076	268
2077	217
2078	242
2079	248
2080	259
2081	238
2082	233
2083	230
2084	226
2085	214
2086	244
2087	238
2088	231
2089	234
2090	238
2091	197
2092	222
2093	240
2094	211
2095	217
2096	224
2097	208
2098	223
2099	208
2100	243
2101	249
2102	217
2103	189
2104	223
2105	200
2106	217
2107	208
2108	218
2109	225
2110	225
2111	194
2112	225
2113	202
2114	208
2115	232
2116	203
2117	186
2118	215
2119	208
2120	237
2121	236
2122	208
2123	205
2124	204
2125	205
2126	187
2127	228
2128	217
2129	233
2130	210
2131	208
2132	219
2133	205
2134	212
2135	179
2136	223
2137	189
2138	194
2139	204
2140	206
2141	205
2142	182
2143	201
2144	184
2145	219
2146	200
2147	188
2148	205
2149	198
2150	216
2151	189
2152	192
2153	190
2154	201
2155	205
2156	185
2157	217
2158	210
2159	214
2160	236
2161	212
2162	183
2163	218
2164	203
2165	218
2166	208
2167	218
2168	204
2169	182
2170	210
2171	195
2172	193
2173	212
2174	177
2175	194
2176	194
2177	200
2178	178
2179	180
2180	202
2181	203
2182	208
2183	204
2184	210
2185	211
2186	198
2187	222
2188	192
2189	224
2190	191
2191	193
2192	197
2193	189
2194	209
2195	196
2196	203
2197	195
2198	176
2199	185
2200	199
2201	183
2202	188
2203	179
2204	216
2205	200
2206	199
2207	199
2208	208
2209	199
2210	223
2211	201
2212	185
2213	186
2214	158
2215	205
2216	180
2217	180
2218	226
2219	183
2220	209
2221	195
2222	188
2223	202
2224	222
2225	195
2226	180
2227	192
2228	163
2229	185
2230	199
2231	205
2232	194
2233	218
2234	209
2235	208
2236	205
2237	198
2238	201
2239	191
2240	207
2241	214
2242	189
2243	213
2244	199
2245	179
2246	219
2247	186
2248	192
2249	216
2250	211
2251	187
2252	185
2253	176
2254	179
2255	191
2256	168
2257	233
2258	188
2259	200
2260	218
2261	186
2262	208
2263	198
2264	214
2265	176
2266	231
2267	203
2268	203
2269	183
2270	225
2271	193
2272	190
2273	213
2274	190
2275	202
2276	214
2277	212
2278	198
2279	210
2280	182
2281	180
2282	203
2283	186
2284	202
2285	218
2286	217
2287	204
2288	206
2289	219
2290	198
2291	198
2292	193
2293	197
2294	219
2295	193
2296	210
2297	198
2298	216
2299	212
2300	197
2301	219
2302	203
2303	216
2304	189
2305	196
2306	209
2307	221
2308	182
2309	219
2310	210
2311	223
2312	216
2313	239
2314	213
2315	225
2316	202
2317	191
2318	184
2319	235
2320	240
2321	228
2322	257
2323	233
2324	246
2325	225
2326	237
2327	248
2328	232
2329	264
2330	229
2331	227
2332	245
2333	222
2334	250
2335	226
2336	252
2337	267
2338	252
2339	246
2340	258
2341	262
2342	283
2343	224
2344	286
2345	303
2346	251
2347	287
2348	293
2349	283
2350	299
2351	278
2352	277
2353	277
2354	287
2355	280
2356	318
2357	315
2358	313
2359	326
2360	341
2361	333
2362	351
2363	350
2364	330
2365	350
2366	371
2367	367
2368	351
2369	411
2370	381
2371	374
2372	371
2373	418
2374	425
2375	389
2376	417
2377	445
2378	450
2379	454
2380	472
2381	433
2382	451
2383	433
2384	462
2385	467
2386	472
2387	469
2388	496
2389	530
2390	527
2391	518
2392	519
2393	509
2394	546
2395	530
2396	543
2397	580
2398	562
2399	562
2400	541
2401	572
2402	562
2403	597
2404	586
2405	642
2406	635
2407	624
2408	609
2409	676
2410	630
2411	589
2412	633
2413	649
2414	684
2415	647
2416	687
2417	684
2418	683
2419	694
2420	636
2421	703
2422	732
2423	674
2424	664
2425	695
2426	770
2427	752
2428	751
2429	722
2430	703
2431	708
2432	710
2433	701
2434	744
2435	721
2436	766
2437	776
2438	730
2439	757
2440	783
2441	764
2442	699
2443	775
2444	728
2445	744
2446	705
2447	736
2448	749
2449	750
2450	730
2451	682
2452	728
2453	720
2454	748
2455	694
2456	781
2457	776
2458	695
2459	664
2460	683
2461	646
2462	664
2463	648
2464	693
2465	685
2466	696
2467	666
2468	699
2469	669
2470	633
2471	668
2472	652
2473	628
2474	652
2475	673
2476	635
2477	657
2478	576
2479	575
2480	565
2481	592
2482	619
2483	654
2484	590
2485	565
2486	569
2487	548
2488	551
2489	537
2490	522
2491	548
2492	516
2493	528
2494	538
2495	452
2496	502
2497	473
2498	460
2499	459
2500	458
2501	467
2502	450
2503	447
2504	460
2505	417
2506	421
2507	405
2508	409
2509	433
2510	415
2511	394
2512	401
2513	369
2514	343
2515	365
2516	344
2517	401
2518	361
2519	304
2520	334
2521	305
2522	347
2523	297
2524	302
2525	293
2526	306
2527	296
2528	313
2529	314
2530	293
2531	265
2532	281
2533	279
2534	276
2535	250
2536	282
2537	265
2538	268
2539	252
2540	234
2541	291
2542	243
2543	237
2544	259
2545	251
2546	252
2547	207
2548	233
2549	225
2550	212
2551	222
2552	215
2553	210
2554	209
2555	190
2556	236
2557	194
2558	206
2559	188
2560	234
2561	220
2562	198
2563	184
2564	184
2565	196
2566	201
2567	182
2568	157
2569	173
2570	168
2571	170
2572	160
2573	173
2574	170
2575	172
2576	176
2577	177
2578	188
2579	187
2580	170
2581	175
2582	156
2583	174
2584	180
2585	169
2586	177
2587	173
2588	180
2589	158
2590	155
2591	157
2592	177
2593	142
2594	196
2595	119
2596	147
2597	140
2598	160
2599	135
2600	182
2601	159
2602	126
2603	155
2604	156
2605	167
2606	182
2607	169
2608	166
2609	153
2610	171
2611	134
2612	151
2613	139
2614	146
2615	166
2616	133
2617	123
2618	160
2619	154
2620	172
2621	151
2622	155
2623	142
2624	148
2625	142
2626	158
2627	163
2628	142
2629	143
2630	165
2631	147
2632	153
2633	172
2634	144
2635	159
2636	159
2637	155
2638	144
2639	145
2640	140
2641	158
2642	149
2643	147
2644	127
2645	158
2646	145
2647	131
2648	154
2649	144
2650	130
2651	139
2652	153
2653	168
2654	162
2655	125
2656	144
2657	142
2658	141
2659	183
2660	143
2661	157
2662	149
2663	173
2664	158
2665	175
2666	167
2667	164
2668	180
2669	140
2670	134
2671	159
2672	162
2673	139
2674	151
2675	160
2676	140
2677	148
2678	129
2679	147
2680	166
2681	162
2682	158
2683	166
2684	159
2685	170
2686	150
2687	165
2688	170
2689	156
2690	167
2691	151
2692	143
2693	149
2694	166
2695	174
2696	168
2697	164
2698	163
2699	165
2700	170
2701	187
2702	163
2703	170
2704	165
2705	169
2706	140
2707	158
2708	175
2709	174
2710	185
2711	177
2712	202
2713	150
2714	171
2715	174
2716	160
2717	169
2718	199
2719	210
2720	193
2721	180
2722	178
2723	176
2724	181
2725	205
2726	194
2727	182
2728	199
2729	214
2730	178
2731	199
2732	216
2733	203
2734	196
2735	216
2736	210
2737	210
2738	207
2739	227
2740	200
2741	224
2742	205
2743	209
2744	227
2745	221
2746	194
2747	213
2748	243
2749	225
2750	227
2751	228
2752	216
2753	231
2754	212
2755	206
2756	231
2757	248
2758	233
2759	206
2760	249
2761	245
2762	223
2763	257
2764	230
2765	252
2766	267
2767	272
2768	259
2769	263
2770	264
2771	268
2772	250
2773	278
2774	236
2775	265
2776	303
2777	276
2778	321
2779	268
2780	283
2781	276
2782	302
2783	269
2784	286
2785	276
2786	315
2787	303
2788	306
2789	282
2790	304
2791	290
2792	332
2793	286
2794	320
2795	344
2796	303
2797	297
2798	298
2799	283
2800	315
2801	261
2802	340
2803	330
2804	270
2805	315
2806	310
2807	338
2808	326
2809	320
2810	338
2811	318
2812	340
2813	314
2814	354
2815	342
2816	325
2817	316
2818	358
2819	322
2820	333
2821	326
2822	345
2823	301
2824	342
2825	361
2826	324
2827	344
2828	360
2829	332
2830	306
2831	334
2832	324
2833	308
2834	330
2835	311
2836	321
2837	310
2838	357
2839	294
2840	341
2841	329
2842	299
2843	311
2844	289
2845	302
2846	313
2847	340
2848	302
2849	241
2850	319
2851	299
2852	302
2853	316
2854	289
2855	271
2856	298
2857	306
2858	313
2859	309
2860	306
2861	291
2862	308
2863	268
2864	276
2865	294
2866	257
2867	270
2868	262
2869	266
2870	278
2871	270
2872	263
2873	262
2874	233
2875	235
2876	266
2877	223
2878	271
2879	244
2880	215
2881	220
2882	245
2883	254
2884	256
2885	284
2886	219
2887	232
2888	245
2889	237
2890	229
2891	205
2892	210
2893	236
2894	194
2895	196
2896	221
2897	201
2898	198
2899	209
2900	224
2901	202
2902	183
2903	201
2904	193
2905	203
2906	202
2907	178
2908	207
2909	186
2910	194
2911	197
2912	191
2913	217
2914	192
2915	210
2916	188
2917	191
2918	188
2919	179
2920	198
2921	203
2922	165
2923	174
2924	160
2925	185
2926	171
2927	158
2928	199
2929	151
2930	160
2931	187
2932	161
2933	152
2934	165
2935	184
2936	149
2937	144
2938	151
2939	164
2940	139
2941	152
2942	151
2943	150
2944	134
2945	167
2946	135
2947	149
2948	141
2949	153
2950	136
2951	132
2952	167
2953	156
2954	152
2955	144
2956	148
2957	146
2958	145
2959	132
2960	142
2961	138
2962	160
2963	128
2964	149
2965	137
2966	156
2967	142
2968	149
2969	144
2970	118
2971	128
2972	135
2973	142
2974	148
2975	121
2976	132
2977	165
2978	131
2979	158
2980	135
2981	125
2982	130
2983	132
2984	129
2985	137
2986	125
2987	112
2988	136
2989	123
2990	124
2991	129
2992	116
2993	119
2994	124
2995	118
2996	112
2997	135
2998	126
2999	130
3000	122
3001	125
3002	112
3003	138
3004	126
3005	134
3006	117
3007	133
3008	140
3009	130
3010	137
3011	121
3012	120
3013	115
3014	119
3015	106
3016	116
3017	139
3018	137
3019	112
3020	115
3021	113
3022	135
3023	111
3024	125
3025	117
3026	133
3027	126
3028	132
3029	116
3030	124
3031	128
3032	120
3033	128
3034	106
3035	130
3036	135
3037	123
3038	123
3039	140
3040	118
3041	116
3042	129
3043	121
3044	135
3045	107
3046	107
3047	140
3048	130
3049	110
3050	130
3051	131
3052	113
3053	132
3054	128
3055	118
3056	117
3057	130
3058	114
3059	128
3060	119
3061	117
3062	109
3063	101
3064	135
3065	116
3066	120
3067	110
3068	127
3069	148
3070	118
3071	104
3072	130
3073	144
3074	134
3075	132
3076	129
3077	109
3078	116
3079	126
3080	111
3081	119
3082	118
3083	118
3084	115
3085	125
3086	130
3087	107
3088	138
3089	134
3090	116
3091	126
3092	118
3093	104
3094	129
3095	124
3096	106
3097	130
3098	132
3099	121
3100	113
3101	113
3102	141
3103	121
3104	100
3105	138
3106	116
3107	124
3108	104
3109	113
3110	136
3111	130
3112	102
3113	122
3114	121
3115	128
3116	110
3117	120
3118	139
3119	121
3120	115
3121	123
3122	123
3123	122
3124	109
3125	109
3126	121
3127	100
3128	112
3129	151
3130	125
3131	133
3132	122
3133	123
3134	122
3135	103
3136	110
3137	121
3138	113
3139	135
3140	132
3141	115
3142	140
3143	126
3144	113
3145	116
3146	105
3147	128
3148	125
3149	144
3150	101
3151	101
3152	117
3153	120
3154	120
3155	131
3156	130
3157	109
3158	116
3159	117
3160	110
3161	137
3162	136
3163	117
3164	137
3165	115
3166	131
3167	108
3168	115
3169	127
3170	116
3171	108
3172	110
3173	117
3174	120
3175	114
3176	130
3177	95
3178	97
3179	103
3180	123
3181	137
3182	122
3183	118
3184	107
3185	133
3186	117
3187	121
3188	116
3189	124
3190	142
3191	109
3192	127
3193	117
3194	124
3195	106
3196	114
3197	108
3198	117
3199	109
3200	120
3201	125
3202	117
3203	120
3204	110
3205	115
3206	114
3207	124
3208	136
3209	127
3210	128
3211	114
3212	122
3213	101
3214	129
3215	125
3216	118
3217	106
3218	107
3219	126
3220	111
3221	128
3222	117
3223	119
3224	132
3225	121
3226	123
3227	113
3228	110
3229	120
3230	108
3231	99
3232	91
3233	116
3234	123
3235	107
3236	118
3237	97
3238	133
3239	133
3240	103
3241	113
3242	110
3243	100
3244	118
3245	118
3246	102
3247	107
3248	105
3249	104
3250	94
3251	118
3252	107
3253	105
3254	116
3255	110
3256	160
3257	118
3258	122
3259	126
3260	119
3261	135
3262	107
3263	114
3264	108
3265	131
3266	127
3267	109
3268	115
3269	143
3270	129
3271	108
3272	104
3273	143
3274	127
3275	100
3276	107
3277	123
3278	112
3279	118
3280	116
3281	125
3282	111
3283	140
3284	113
3285	123
3286	120
3287	111
3288	123
3289	111
3290	124
3291	87
3292	111
3293	108
3294	140
3295	94
3296	120
3297	114
3298	125
3299	120
3300	112
3301	115
3302	130
3303	113
3304	111
3305	114
3306	103
3307	120
3308	112
3309	117
3310	114
3311	103
3312	119
3313	128
3314	114
3315	107
3316	116
3317	108
3318	121
3319	111
3320	108
3321	112
3322	108
3323	124
3324	115
3325	108
3326	114
3327	111
3328	132
3329	98
3330	122
3331	98
3332	122
3333	97
3334	136
3335	120
3336	122
3337	114
3338	108
3339	129
3340	108
3341	136
3342	118
3343	120
3344	153
3345	120
3346	133
3347	114
3348	113
3349	111
3350	123
3351	121
3352	132
3353	119
3354	117
3355	113
3356	102
3357	108
3358	105
3359	126
3360	125
3361	111
3362	122
3363	115
3364	110
3365	107
3366	112
3367	122
3368	124
3369	126
3370	105
3371	117
3372	100
3373	109
3374	118
3375	104
3376	113
3377	98
3378	120
3379	118
3380	110
3381	120
3382	108
3383	117
3384	122
3385	108
3386	100
3387	105
3388	111
3389	100
3390	116
3391	123
3392	126
3393	116
3394	132
3395	110
3396	110
3397	120
3398	123
3399	116
3400	126
3401	107
3402	112
3403	114
3404	128
3405	97
3406	117
3407	112
3408	112
3409	95
3410	118
3411	96
3412	109
3413	107
3414	112
3415	119
3416	106
3417	103
3418	120
3419	125
3420	123
3421	103
3422	113
3423	108
3424	141
3425	100
3426	111
3427	129
3428	107
3429	116
3430	130
3431	130
3432	122
3433	86
3434	127
3435	125
3436	105
3437	123
3438	106
3439	109
3440	108
3441	126
3442	111
3443	95
3444	116
3445	121
3446	83
3447	95
3448	109
3449	117
3450	97
3451	123
3452	122
3453	108
3454	117
3455	117
3456	127
3457	124
3458	96
3459	95
3460	126
3461	105
3462	131
3463	117
3464	99
3465	126
3466	92
3467	103
3468	127
3469	107
3470	111
3471	114
3472	131
3473	113
3474	110
3475	100
3476	123
3477	107
3478	125
3479	100
3480	123
3481	114
3482	109
3483	97
3484	91
3485	118
3486	107
3487	117
3488	115
3489	114
3490	99
3491	104
3492	111
3493	100
3494	97
3495	126
3496	111
3497	109
3498	95
3499	93
3500	130
3501	107
3502	100
3503	117
3504	110
3505	99
3506	103
3507	123
3508	118
3509	118
3510	110
3511	122
3512	117
3513	107
3514	95
3515	113
3516	115
3517	127
3518	130
3519	103
3520	119
3521	103
3522	132
3523	104
3524	97
3525	116
3526	114
3527	108
3528	108
3529	125
3530	111
3531	101
3532	101
3533	94
3534	98
3535	118
3536	99
3537	112
3538	107
3539	128
3540	107
3541	118
3542	106
3543	98
3544	104
3545	106
3546	121
3547	94
3548	118
3549	107
3550	109
3551	90
3552	106
3553	132
3554	110
3555	113
3556	103
3557	98
3558	121
3559	108
3560	106
3561	104
3562	111
3563	115
3564	123
3565	110
3566	110
3567	102
3568	99
3569	99
3570	123
3571	107
3572	111
3573	114
3574	112
3575	105
3576	104
3577	105
3578	118
3579	97
3580	112
3581	115
3582	129
3583	107
3584	122
3585	104
3586	103
3587	104
3588	109
3589	91
3590	110
3591	115
3592	125
3593	126
3594	89
3595	111
3596	110
3597	123
3598	117
3599	100
3600	125
3601	127
3602	118
3603	130
3604	108
3605	116
3606	112
3607	100
3608	123
3609	121
3610	109
3611	113
3612	101
3613	113
3614	110
3615	104
3616	99
3617	126
3618	104
3619	114
3620	111
3621	105
3622	104
3623	120
3624	123
3625	93
3626	97
3627	80
3628	106
3629	95
3630	114
3631	121
3632	113
3633	115
3634	119
3635	93
3636	103
3637	118
3638	116
3639	98
3640	103
3641	106
3642	105
3643	100
3644	122
3645	97
3646	109
3647	91
3648	108
3649	113
3650	127
3651	95
3652	101
3653	109
3654	125
3655	83
3656	96
3657	101
3658	100
3659	111
3660	121
3661	102
3662	104
3663	102
3664	117
3665	116
3666	120
3667	103
3668	121
3669	111
3670	98
3671	100
3672	104
3673	98
3674	104
3675	88
3676	116
3677	120
3678	92
3679	112
3680	89
3681	102
3682	96
3683	100
3684	100
3685	110
3686	104
3687	108
3688	98
3689	110
3690	100
3691	91
3692	105
3693	108
3694	105
3695	124
3696	84
3697	104
3698	101
3699	97
3700	104
3701	132
3702	99
3703	110
3704	130
3705	109
3706	123
3707	98
3708	98
3709	116
3710	116
3711	106
3712	105
3713	112
3714	107
3715	117
3716	91
3717	112
3718	126
3719	111
3720	96
3721	91
3722	110
3723	92
3724	92
3725	105
3726	104
3727	106
3728	105
3729	97
3730	100
3731	102
3732	114
3733	107
3734	107
3735	117
3736	100
3737	94
3738	113
3739	102
3740	97
3741	120
3742	101
3743	97
3744	122
3745	108
3746	130
3747	86
3748	95
3749	87
3750	109
3751	106
3752	94
3753	115
3754	120
3755	103
3756	118
3757	90
3758	101
3759	98
3760	111
3761	90
3762	100
3763	120
3764	98
3765	109
3766	105
3767	90
3768	111
3769	104
3770	99
3771	102
3772	118
3773	109
3774	92
3775	104
3776	100
3777	107
3778	109
3779	93
3780	98
3781	126
3782	107
3783	110
3784	99
3785	102
3786	105
3787	94
3788	117
3789	116
3790	85
3791	92
3792	102
3793	110
3794	103
3795	97
3796	109
3797	105
3798	101
3799	103
3800	104
3801	106
3802	90
3803	109
3804	93
3805	107
3806	109
3807	108
3808	79
3809	101
3810	121
3811	115
3812	80
3813	108
3814	102
3815	90
3816	118
3817	110
3818	88
3819	115
3820	106
3821	99
3822	96
3823	103
3824	98
3825	98
3826	112
3827	112
3828	122
3829	104
3830	107
3831	113
3832	105
3833	122
3834	103
3835	91
3836	95
3837	93
3838	99
3839	104
3840	94
3841	125
3842	100
3843	125
3844	103
3845	107
3846	90
3847	94
3848	111
3849	94
3850	108
3851	104
3852	112
3853	112
3854	98
3855	114
3856	93
3857	106
3858	112
3859	104
3860	86
3861	105
3862	90
3863	102
3864	107
3865	92
3866	95
3867	111
3868	114
3869	109
3870	128
3871	109
3872	108
3873	105
3874	104
3875	100
3876	80
3877	100
3878	119
3879	91
3880	112
3881	94
3882	99
3883	114
3884	96
3885	110
3886	106
3887	110
3888	111
3889	92
3890	115
3891	87
3892	99
3893	80
3894	104
3895	104
3896	100
3897	120
3898	117
3899	102
3900	110
3901	99
3902	105
3903	102
3904	93
3905	84
3906	103
3907	106
3908	105
3909	88
3910	95
3911	97
3912	98
3913	83
3914	100
3915	86
3916	110
3917	95
3918	102
3919	86
3920	103
3921	102
3922	104
3923	94
3924	122
3925	87
3926	106
3927	100
3928	92
3929	83
3930	120
3931	93
3932	101
3933	106
3934	95
3935	89
3936	79
3937	120
3938	84
3939	90
3940	104
3941	94
3942	100
3943	100
3944	102
3945	92
3946	111
3947	100
3948	84
3949	86
3950	103
3951	103
3952	103
3953	104
3954	112
3955	92
3956	106
3957	109
3958	81
3959	98
3960	97
3961	110
3962	96
3963	82
3964	96
3965	90
3966	96
3967	98
3968	94
3969	83
3970	116
3971	89
3972	87
3973	108
3974	103
3975	95
3976	112
3977	96
3978	89
3979	99
3980	107
3981	121
3982	91
3983	100
3984	98
3985	115
3986	80
3987	90
3988	90
3989	84
3990	106
3991	107
3992	105
3993	113
3994	95
3995	101
3996	98
3997	79
3998	107
3999	83
4000	84
4001	100
4002	105
4003	96
4004	100
4005	109
4006	94
4007	91
4008	84
4009	110
4010	114
4011	83
4012	100
4013	101
4014	123
4015	97
4016	93
4017	98
4018	97
4019	94
4020	98
4021	106
4022	91
4023	103
4024	83
4025	95
4026	91
4027	89
4028	80
4029	95
4030	78
4031	95
4032	98
4033	93
4034	83
4035	113
4036	89
4037	80
4038	92
4039	103
4040	102
4041	97
4042	102
4043	86
4044	107
4045	83
4046	102
4047	101
4048	107
4049	92
4050	94
4051	89
4052	84
4053	101
4054	79
4055	103
4056	120
4057	99
4058	86
4059	98
4060	108
4061	92
4062	89
4063	104
4064	89
4065	116
4066	101
4067	93
4068	98
4069	109
4070	96
4071	94
4072	110
4073	94
4074	89
4075	77
4076	91
4077	106
4078	103
4079	83
4080	92
4081	81
4082	111
4083	95
4084	101
4085	90
4086	83
4087	90
4088	95
4089	94
4090	99
4091	92
4092	94
4093	110
4094	101
4095	84
4096	94
4097	106
4098	90
4099	88
4100	98
4101	94
4102	94
4103	107
4104	93
4105	97
4106	89
4107	90
4108	115
4109	104
4110	103
4111	86
4112	91
4113	105
4114	87
4115	107
4116	109
4117	88
4118	94
4119	89
4120	102
4121	99
4122	104
4123	78
4124	107
4125	100
4126	96
4127	104
4128	85
4129	100
4130	97
4131	95
4132	113
4133	64
4134	85
4135	110
4136	96
4137	89
4138	106
4139	94
4140	83
4141	85
4142	104
4143	111
4144	93
4145	82
4146	89
4147	109
4148	83
4149	96
4150	99
4151	100
4152	96
4153	101
4154	110
4155	91
4156	96
4157	100
4158	99
4159	103
4160	102
4161	106
4162	101
4163	95
4164	95
4165	84
4166	92
4167	103
4168	100
4169	110
4170	89
4171	78
4172	89
4173	85
4174	101
4175	91
4176	85
4177	89
4178	90
4179	95
4180	105
4181	94
4182	92
4183	88
4184	92
4185	89
4186	81
4187	86
4188	92
4189	74
4190	108
4191	87
4192	78
4193	80
4194	85
4195	92
4196	117
4197	109
4198	88
4199	102
4200	101
4201	91
4202	88
4203	108
4204	100
4205	84
4206	86
4207	97
4208	90
4209	96
4210	89
4211	87
4212	89
4213	96
4214	98
4215	99
4216	80
4217	88
4218	96
4219	101
4220	78
4221	96
4222	87
4223	76
4224	74
4225	101
4226	105
4227	92
4228	97
4229	103
4230	97
4231	97
4232	81
4233	102
4234	91
4235	84
4236	92
4237	91
4238	77
4239	96
4240	82
4241	90
4242	94
4243	95
4244	90
4245	99
4246	85
4247	105
4248	101
4249	86
4250	99
4251	86
4252	96
4253	98
4254	88
4255	87
4256	89
4257	74
4258	94
4259	89
4260	105
4261	93
4262	95
4263	77
4264	98
4265	100
4266	82
4267	95
4268	122
4269	106
4270	88
4271	97
4272	72
4273	109
4274	81
4275	84
4276	96
4277	91
4278	80
4279	88
4280	110
4281	87
4282	88
4283	87
4284	93
4285	83
4286	84
4287	93
4288	96
4289	97
4290	82
4291	84
4292	91
4293	93
4294	89
4295	87
4296	97
4297	87
4298	68
4299	78
4300	102
4301	95
4302	69
4303	76
4304	89
4305	87
4306	82
4307	69
4308	90
4309	101
4310	84
4311	73
4312	88
4313	84
4314	91
4315	85
4316	91
4317	78
4318	86
4319	84
4320	82
4321	94
4322	82
4323	93
4324	71
4325	70
4326	78
4327	84
4328	87
4329	70
4330	89
4331	75
4332	103
4333	93
4334	89
4335	69
4336	90
4337	96
4338	93
4339	86
4340	80
4341	91
4342	65
4343	75
4344	85
4345	83
4346	76
4347	80
4348	70
4349	80
4350	80
4351	69
4352	74
4353	71
4354	87
4355	94
4356	56
4357	71
4358	82
4359	85
4360	81
4361	60
4362	55
4363	58
4364	70
4365	77
4366	72
4367	66
4368	66
4369	62
4370	86
4371	68
4372	63
4373	69
4374	70
4375	69
4376	64
4377	64
4378	68
4379	74
4380	85
4381	66
4382	80
4383	56
4384	74
4385	79
4386	70
4387	77
4388	72
4389	72
4390	67
4391	57
4392	67
4393	76
4394	76
4395	69
4396	58
4397	66
4398	74
4399	68
4400	64
4401	62
4402	57
4403	71
4404	72
4405	69
4406	58
4407	55
4408	45
4409	79
4410	61
4411	51
4412	66
4413	67
4414	47
4415	70
4416	56
4417	64
4418	71
4419	66
4420	66
4421	59
4422	64
4423	58
4424	66
4425	45
4426	60
4427	52
4428	60
4429	59
4430	70
4431	48
4432	50
4433	64
4434	69
4435	53
4436	73
4437	53
4438	62
4439	51
4440	61
4441	53
4442	74
4443	74
4444	61
4445	62
4446	63
4447	45
4448	53
4449	64
4450	52
4451	64
4452	53
4453	65
4454	59
4455	66
4456	53
4457	47
4458	62
4459	65
4460	60
4461	58
4462	68
4463	56
4464	62
4465	61
4466	61
4467	61
4468	49
4469	64
4470	60
4471	55
4472	65
4473	47
4474	74
4475	60
4476	70
4477	43
4478	60
4479	60
4480	66
4481	73
4482	53
4483	40
4484	56
4485	63
4486	61
4487	56
4488	55
4489	51
4490	67
4491	50
4492	65
4493	54
4494	60
4495	57
4496	82
4497	61
4498	61
4499	74
4500	56
4501	64
4502	77
4503	63
4504	60
4505	68
4506	81
4507	70
4508	65
4509	64
4510	51
4511	58
4512	57
4513	61
4514	70
4515	49
4516	61
4517	61
4518	73
4519	63
4520	64
4521	63
4522	79
4523	59
4524	74
4525	67
4526	57
4527	60
4528	57
4529	56
4530	62
4531	39
4532	61
4533	62
4534	72
4535	68
4536	68
4537	66
4538	63
4539	65
4540	65
4541	71
4542	53
4543	68
4544	63
4545	67
4546	52
4547	74
4548	61
4549	53
4550	56
4551	59
4552	74
4553	65
4554	59
4555	69
4556	62
4557	61
4558	63
4559	65
4560	67
4561	80
4562	52
4563	71
4564	61
4565	72
4566	71
4567	70
4568	78
4569	75
4570	67
4571	67
4572	63
4573	63
4574	88
4575	69
4576	72
4577	84
4578	59
4579	72
4580	67
4581	78
4582	63
4583	72
4584	81
4585	75
4586	75
4587	59
4588	85
4589	82
4590	81
4591	73
4592	80
4593	73
4594	64
4595	63
4596	84
4597	53
4598	63
4599	76
4600	75
4601	72
4602	68
4603	74
4604	70
4605	78
4606	84
4607	75
4608	75
4609	71
4610	69
4611	72
4612	81
4613	87
4614	83
4615	76
4616	80
4617	66
4618	73
4619	86
4620	76
4621	80
4622	78
4623	64
4624	75
4625	87
4626	80
4627	74
4628	81
4629	79
4630	70
4631	87
4632	81
4633	86
4634	76
4635	92
4636	86
4637	72
4638	76
4639	94
4640	87
4641	77
4642	85
4643	58
4644	77
4645	79
4646	83
4647	84
4648	93
4649	75
4650	79
4651	76
4652	77
4653	69
4654	67
4655	80
4656	76
4657	72
4658	73
4659	95
4660	74
4661	80
4662	90
4663	91
4664	107
4665	87
4666	93
4667	102
4668	81
4669	97
4670	98
4671	91
4672	107
4673	89
4674	75
4675	89
4676	98
4677	102
4678	90
4679	80
4680	89
4681	83
4682	93
4683	84
4684	98
4685	85
4686	96
4687	111
4688	113
4689	111
4690	90
4691	109
4692	97
4693	99
4694	88
4695	100
4696	107
4697	92
4698	97
4699	106
4700	97
4701	105
4702	85
4703	106
4704	86
4705	100
4706	116
4707	109
4708	91
4709	117
4710	113
4711	95
4712	118
4713	105
4714	119
4715	100
4716	121
4717	105
4718	104
4719	119
4720	102
4721	116
4722	111
4723	103
4724	110
4725	98
4726	108
4727	109
4728	117
4729	122
4730	128
4731	115
4732	109
4733	99
4734	108
4735	125
4736	112
4737	110
4738	130
4739	128
4740	122
4741	135
4742	132
4743	117
4744	120
4745	144
4746	127
4747	126
4748	141
4749	135
4750	128
4751	134
4752	149
4753	136
4754	160
4755	142
4756	142
4757	154
4758	146
4759	125
4760	122
4761	128
4762	176
4763	139
4764	162
4765	166
4766	148
4767	164
4768	165
4769	194
4770	174
4771	122
4772	170
4773	154
4774	183
4775	164
4776	152
4777	178
4778	150
4779	193
4780	174
4781	172
4782	189
4783	193
4784	175
4785	198
4786	193
4787	200
4788	188
4789	214
4790	206
4791	196
4792	225
4793	216
4794	215
4795	221
4796	203
4797	206
4798	199
4799	218
4800	260
4801	227
4802	217
4803	270
4804	225
4805	260
4806	255
4807	265
4808	288
4809	251
4810	254
4811	253
4812	277
4813	249
4814	264
4815	290
4816	286
4817	340
4818	281
4819	367
4820	325
4821	302
4822	350
4823	343
4824	346
4825	364
4826	365
4827	376
4828	357
4829	389
4830	410
4831	356
4832	443
4833	424
4834	430
4835	408
4836	433
4837	464
4838	424
4839	437
4840	506
4841	499
4842	503
4843	502
4844	526
4845	535
4846	576
4847	564
4848	561
4849	615
4850	633
4851	599
4852	625
4853	692
4854	719
4855	673
4856	723
4857	715
4858	762
4859	753
4860	777
4861	837
4862	815
4863	786
4864	808
4865	855
4866	902
4867	896
4868	923
4869	927
4870	983
4871	1002
4872	1035
4873	1023
4874	1090
4875	1016
4876	1073
4877	1156
4878	1162
4879	1128
4880	1169
4881	1141
4882	1241
4883	1240
4884	1235
4885	1375
4886	1310
4887	1305
4888	1315
4889	1434
4890	1368
4891	1472
4892	1399
4893	1408
4894	1494
4895	1459
4896	1536
4897	1609
4898	1583
4899	1554
4900	1658
4901	1662
4902	1669
4903	1728
4904	1668
4905	1740
4906	1825
4907	1790
4908	1828
4909	1868
4910	1788
4911	1879
4912	1880
4913	1957
4914	1947
4915	1933
4916	1916
4917	1948
4918	2003
4919	1963
4920	2064
4921	1936
4922	2039
4923	2004
4924	2014
4925	2095
4926	2099
4927	1983
4928	2152
4929	2045
4930	2137
4931	2087
4932	2227
4933	2200
4934	2140
4935	2101
4936	2117
4937	2089
4938	2107
4939	2097
4940	2225
4941	2205
4942	2154
4943	2106
4944	2106
4945	2144
4946	2183
4947	2100
4948	2191
4949	2140
4950	2045
4951	2058
4952	2177
4953	2111
4954	2066
4955	1955
4956	1980
4957	1989
4958	2036
4959	1981
4960	2012
4961	2041
4962	2023
4963	1912
4964	1902
4965	1900
4966	1899
4967	1908
4968	1863
4969	1817
4970	1841
4971	1787
4972	1781
4973	1746
4974	1846
4975	1689
4976	1680
4977	1677
4978	1651
4979	1573
4980	1652
4981	1600
4982	1538
4983	1499
4984	1457
4985	1441
4986	1428
4987	1419
4988	1437
4989	1369
4990	1277
4991	1239
4992	1329
4993	1261
4994	1253
4995	1225
4996	1199
4997	1166
4998	1198
4999	1130
5000	1115
5001	1107
5002	992
5003	1034
5004	1033
5005	1030
5006	960
5007	972
5008	948
5009	923
5010	898
5011	902
5012	841
5013	843
5014	841
5015	788
5016	770
5017	703
5018	774
5019	691
5020	706
5021	670
5022	654
5023	666
5024	607
5025	585
5026	584
5027	574
5028	604
5029	499
5030	557
5031	506
5032	475
5033	449
5034	480
5035	513
5036	429
5037	451
5038	423
5039	432
5040	406
5041	406
5042	379
5043	345
5044	349
5045	350
5046	330
5047	338
5048	296
5049	326
5050	283
5051	307
5052	283
5053	264
5054	230
5055	227
5056	249
5057	250
5058	238
5059	195
5060	212
5061	198
5062	215
5063	195
5064	183
5065	193
5066	176
5067	163
5068	192
5069	166
5070	159
5071	143
5072	144
5073	145
5074	143
5075	146
5076	126
5077	144
5078	127
5079	120
5080	122
5081	114
5082	115
5083	112
5084	104
5085	108
5086	121
5087	100
5088	107
5089	97
5090	124
5091	94
5092	106
5093	95
5094	87
5095	76
5096	84
5097	68
5098	84
5099	67
5100	80
5101	93
5102	84
5103	61
5104	76
5105	88
5106	73
5107	77
5108	75
5109	65
5110	71
5111	59
5112	66
5113	65
5114	64
5115	75
5116	77
5117	63
5118	79
5119	52
5120	51
5121	69
5122	74
5123	74
5124	70
5125	74
5126	56
5127	66
5128	83
5129	62
5130	57
5131	51
5132	70
5133	63
5134	65
5135	66
5136	64
5137	77
5138	71
5139	62
5140	65
5141	69
5142	64
5143	64
5144	75
5145	59
5146	80
5147	54
5148	76
5149	65
5150	73
5151	70
5152	80
5153	82
5154	74
5155	68
5156	82
5157	67
5158	76
5159	74
5160	63
5161	87
5162	71
5163	89
5164	80
5165	60
5166	101
5167	103
5168	84
5169	81
5170	90
5171	96
5172	89
5173	80
5174	93
5175	92
5176	94
5177	75
5178	110
5179	121
5180	74
5181	100
5182	109
5183	100
5184	96
5185	109
5186	120
5187	92
5188	109
5189	102
5190	109
5191	100
5192	133
5193	98
5194	116
5195	117
5196	100
5197	137
5198	120
5199	123
5200	144
5201	161
5202	130
5203	146
5204	150
5205	166
5206	126
5207	152
5208	167
5209	160
5210	171
5211	170
5212	164
5213	185
5214	179
5215	162
5216	160
5217	181
5218	205
5219	196
5220	214
5221	203
5222	212
5223	221
5224	226
5225	246
5226	221
5227	227
5228	251
5229	246
5230	252
5231	256
5232	260
5233	247
5234	249
5235	270
5236	279
5237	305
5238	302
5239	308
5240	331
5241	317
5242	326
5243	290
5244	332
5245	317
5246	317
5247	337
5248	332
5249	365
5250	352
5251	372
5252	374
5253	377
5254	385
5255	399
5256	442
5257	437
5258	410
5259	398
5260	443
5261	404
5262	424
5263	454
5264	486
5265	442
5266	490
5267	437
5268	490
5269	514
5270	490
5271	482
5272	555
5273	481
5274	514
5275	484
5276	515
5277	511
5278	514
5279	529
5280	529
5281	565
5282	600
5283	527
5284	554
5285	566
5286	559
5287	571
5288	591
5289	566
5290	595
5291	579
5292	577
5293	583
5294	592
5295	621
5296	570
5297	596
5298	611
5299	609
5300	598
5301	646
5302	638
5303	641
5304	618
5305	656
5306	604
5307	648
5308	641
5309	642
5310	640
5311	640
5312	624
5313	669
5314	652
5315	662
5316	640
5317	630
5318	643
5319	605
5320	593
5321	625
5322	618
5323	608
5324	648
5325	628
5326	634
5327	639
5328	632
5329	635
5330	635
5331	596
5332	576
5333	631
5334	557
5335	628
5336	568
5337	604
5338	607
5339	583
5340	633
5341	603
5342	562
5343	579
5344	576
5345	567
5346	585
5347	554
5348	532
5349	531
5350	539
5351	511
5352	493
5353	494
5354	509
5355	476
5356	520
5357	481
5358	526
5359	484
5360	508
5361	464
5362	485
5363	453
5364	491
5365	490
5366	421
5367	429
5368	461
5369	484
5370	411
5371	460
5372	411
5373	450
5374	401
5375	372
5376	372
5377	377
5378	373
5379	372
5380	399
5381	365
5382	353
5383	349
5384	313
5385	368
5386	338
5387	316
5388	345
5389	372
5390	317
5391	316
5392	303
5393	292
5394	309
5395	311
5396	281
5397	277
5398	252
5399	226
5400	269
5401	257
5402	265
5403	232
5404	231
5405	218
5406	232
5407	232
5408	219
5409	181
5410	198
5411	190
5412	200
5413	186
5414	205
5415	179
5416	195
5417	163
5418	142
5419	170
5420	160
5421	163
5422	159
5423	164
5424	152
5425	138
5426	153
5427	137
5428	110
5429	141
5430	132
5431	115
5432	122
5433	124
5434	115
5435	101
5436	102
5437	97
5438	112
5439	93
5440	112
5441	96
5442	98
5443	92
5444	76
5445	76
5446	66
5447	67
5448	61
5449	59
5450	80
5451	61
5452	74
5453	52
5454	68
5455	58
5456	63
5457	57
5458	46
5459	47
5460	49
5461	57
5462	41
5463	43
5464	51
5465	33
5466	43
5467	39
5468	34
5469	31
5470	33
5471	35
5472	37
5473	43
5474	35
5475	34
5476	26
5477	30
5478	29
5479	26
5480	26
5481	20
5482	20
5483	16
5484	18
5485	19
5486	29
5487	28
5488	14
5489	28
5490	29
5491	12
5492	17
5493	20
5494	19
5495	12
5496	17
5497	11
5498	16
5499	12
5500	10
5501	13
5502	10
5503	16
5504	15
5505	11
5506	10
5507	8
5508	9
5509	13
5510	3
5511	5
5512	9
5513	13
5514	12
5515	15
5516	8
5517	10
5518	6
5519	10
5520	13
5521	9
5522	9
5523	5
5524	9
5525	10
5526	13
5527	10
5528	7
5529	12
5530	8
5531	9
5532	6
5533	4
5534	5
5535	2
5536	9
5537	9
5538	7
5539	7
5540	4
5541	5
5542	1
5543	2
5544	2
5545	7
5546	9
5547	7
5548	7
5549	8
5550	6
5551	4
5552	7
5553	11
5554	4
5555	2
5556	6
5557	5
5558	5
5559	4
5560	11
5561	10
5562	6
5563	8
5564	3
5565	6
5566	6
5567	9
5568	3
5569	8
5570	6
5571	8
5572	6
5573	8
5574	8
5575	6
5576	4
5577	3
5578	3
5579	2
5580	6
5581	7
5582	8
5583	3
5584	4
5585	3
5586	6
5587	2
5588	3
5589	7
5590	1
5591	5
5592	4
5593	10
5594	4
5595	9
5596	5
5597	3
5598	3
5599	5
5600	3
5601	10
5602	3
5603	5
5604	3
5605	3
5606	3
5607	9
5608	4
5609	6
5610	6
5611	4
5612	5
5613	3
5614	12
5615	10
5616	9
5617	6
5618	2
5619	6
5620	5
5621	2
5622	8
5623	6
5624	6
5625	4
5626	7
5627	7
5628	11
5629	5
5630	8
5631	6
5632	4
5633	10
5634	2
5635	5
5636	6
5637	4
5638	8
5639	8
5640	3
5641	3
5642	7
5643	11
5644	6
5645	8
5646	5
5647	5
5648	7
5649	2
5650	7
5651	1
5652	5
5653	7
5654	4
5655	7
5656	2
5657	5
5658	2
5659	3
5660	8
5661	7
5662	8
5663	6
5664	7
5665	8
5666	5
5667	4
5668	4
5669	4
5670	4
5671	2
5672	4
5673	4
5674	8
5675	6
5676	6
5677	2
5678	6
5679	5
5680	7
5681	5
5682	5
5683	9
5684	1
5685	7
5686	5
5687	4
5688	3
5689	6
5690	6
5691	7
5692	1
5693	5
5694	7
5695	8
5696	8
5697	2
5698	8
5699	6
5700	2
5701	3
5702	7
5703	2
5704	5
5705	7
5706	4
5707	5
5708	7
5709	4
5710	5
5711	6
5712	3
5713	6
5714	8
5715	3
5716	3
5717	5
5718	10
5719	4
5720	4
5721	3
5722	2
5723	4
5724	6
5725	3
5726	7
5727	7
5728	5
5729	7
5730	2
5731	4
5732	9
5733	6
5734	6
5735	3
5736	4
5737	4
5738	4
5739	8
5740	8
5741	6
5742	6
5743	3
5744	4
5745	4
5746	4
5747	1
5748	6
5749	4
5750	2
5751	2
5752	5
5753	4
5754	5
5755	6
5756	5
5757	3
5758	5
5759	7
5760	3
5761	4
5762	11
5763	6
5764	5
5765	5
5766	4
5767	5
5768	5
5769	3
5770	6
5771	7
5772	2
5773	4
5774	3
5775	7
5776	2
5777	9
5778	2
5779	4
5780	4
5781	4
5782	5
5783	3
5784	7
5785	9
5786	6
5787	4
5788	6
5789	5
5790	6
5791	3
5792	2
5793	4
5794	6
5795	4
5796	5
5797	6
5798	2
5799	6
5800	3
5801	4
5802	2
5803	4
5804	2
5805	3
5806	4
5807	1
5808	3
5809	8
5810	6
5811	4
5812	2
5813	12
5814	4
5815	3
5816	5
5817	4
5818	3
5819	5
5820	1
5821	4
5822	4
5823	9
5824	4
5825	4
5826	6
5827	7
5828	4
5829	8
5830	3
5831	2
5832	4
5833	5
5834	3
5835	2
5836	3
5837	3
5838	6
5839	7
5840	3
5841	3
5842	2
5843	6
5844	5
5845	4
5846	3
5847	2
5848	5
5849	4
5850	3
5851	3
5852	2
5853	7
5854	3
5855	6
5856	5
5857	4
5858	3
5859	2
5860	5
5861	4
5862	4
5863	3
5864	4
5865	4
5866	3
5867	4
5868	7
5869	6
5870	5
5871	3
5872	5
5873	4
5874	6
5875	6
5876	4
5877	2
5878	5
5879	2
5880	3
5881	5
5882	4
5883	1
5884	5
5885	13
5886	6
5887	6
5888	4
5889	3
5890	7
5891	8
5892	2
5893	7
5894	4
5895	3
5896	3
5897	2
5898	7
5899	2
5900	5
5901	5
5902	4
5903	5
5904	4
5905	0
5906	7
5907	2
5908	4
5909	5
5910	5
5911	1
5912	4
5913	7
5914	2
5915	4
5916	3
5917	0
5918	9
5919	5
5920	4
5921	1
5922	5
5923	4
5924	4
5925	1
5926	3
5927	8
5928	6
5929	2
5930	2
5931	3
5932	8
5933	3
5934	5
5935	5
5936	5
5937	4
5938	6
5939	5
5940	4
5941	5
5942	7
5943	3
5944	6
5945	4
5946	5
5947	7
5948	5
5949	8
5950	6
5951	5
5952	8
5953	6
5954	2
5955	11
5956	5
5957	4
5958	4
5959	7
5960	5
5961	2
5962	3
5963	2
5964	4
5965	2
5966	5
5967	1
5968	1
5969	1
5970	1
5971	4
5972	4
5973	3
5974	2
5975	3
5976	5
5977	5
5978	4
5979	3
5980	7
5981	0
5982	2
5983	3
5984	7
5985	4
5986	3
5987	4
5988	6
5989	3
5990	2
5991	7
5992	4
5993	4
5994	6
5995	4
5996	5
5997	2
5998	3
5999	8
6000	1
6001	1
6002	4
6003	4
6004	3
6005	4
6006	3
6007	3
6008	4
6009	6
6010	6
6011	4
6012	3
6013	3
6014	3
6015	5
6016	7
6017	3
6018	0
6019	2
6020	2
6021	0
6022	5
6023	2
6024	4
6025	2
6026	3
6027	11
6028	5
6029	3
6030	3
6031	5
6032	4
6033	3
6034	5
6035	1
6036	4
6037	4
6038	7
6039	2
6040	1
6041	5
6042	4
6043	3
6044	5
6045	4
6046	1
6047	7
6048	7
6049	3
6050	1
6051	6
6052	5
6053	4
6054	6
6055	5
6056	2
6057	4
6058	3
6059	1
6060	5
6061	4
6062	2
6063	5
6064	0
6065	6
6066	2
6067	3
6068	4
6069	6
6070	3
6071	7
6072	3
6073	7
6074	2
6075	3
6076	6
6077	3
6078	2
6079	5
6080	8
6081	7
6082	5
6083	4
6084	4
6085	5
6086	2
6087	5
6088	7
6089	3
6090	7
6091	3
6092	4
6093	6
6094	5
6095	4
6096	5
6097	5
6098	1
6099	6
6100	5
6101	5
6102	0
6103	3
6104	1
6105	8
6106	1
6107	5
6108	6
6109	5
6110	4
6111	6
6112	3
6113	5
6114	3
6115	6
6116	4
6117	3
6118	4
6119	4
6120	3
6121	4
6122	3
6123	1
6124	4
6125	4
6126	3
6127	2
6128	5
6129	2
6130	6
6131	1
6132	2
6133	3
6134	6
6135	6
6136	6
6137	9
6138	6
6139	6
6140	5
6141	4
6142	2
6143	1
6144	3
6145	2
6146	6
6147	2
6148	3
6149	2
6150	4
6151	8
6152	6
6153	2
6154	4
6155	3
6156	2
6157	5
6158	7
6159	9
6160	1
6161	2
6162	2
6163	11
6164	2
6165	2
6166	2
6167	4
6168	4
6169	5
6170	2
6171	9
6172	1
6173	4
6174	5
6175	2
6176	6
6177	6
6178	3
6179	4
6180	9
6181	5
6182	2
6183	3
6184	2
6185	5
6186	4
6187	4
6188	4
6189	5
6190	3
6191	5
6192	6
6193	2
6194	4
6195	5
6196	4
6197	5
6198	1
6199	2
6200	1
6201	3
6202	5
6203	0
6204	0
6205	3
6206	5
6207	2
6208	3
6209	4
6210	4
6211	6
6212	2
6213	5
6214	0
6215	4
6216	2
6217	2
6218	2
6219	6
6220	6
6221	4
6222	3
6223	4
6224	5
6225	3
6226	1
6227	2
6228	3
6229	4
6230	2
6231	3
6232	5
6233	3
6234	2
6235	5
6236	4
6237	3
6238	3
6239	4
6240	4
6241	3
6242	5
6243	5
6244	6
6245	5
6246	3
6247	3
6248	4
6249	5
6250	8
6251	2
6252	2
6253	0
6254	4
6255	3
6256	5
6257	10
6258	11
6259	4
6260	9
6261	4
6262	2
6263	1
6264	7
6265	5
6266	7
6267	5
6268	2
6269	4
6270	5
6271	3
6272	4
6273	4
6274	2
6275	3
6276	5
6277	1
6278	6
6279	3
6280	4
6281	7
6282	2
6283	6
6284	8
6285	5
6286	1
6287	3
6288	2
6289	2
6290	2
6291	4
6292	3
6293	2
6294	5
6295	3
6296	1
6297	5
6298	2
6299	4
6300	4
6301	4
6302	4
6303	3
6304	5
6305	2
6306	5
6307	6
6308	4
6309	2
6310	2
6311	4
6312	2
6313	5
6314	10
6315	3
6316	3
6317	4
6318	4
6319	4
6320	4
6321	3
6322	6
6323	4
6324	2
6325	5
6326	5
6327	2
6328	6
6329	3
6330	1
6331	1
6332	5
6333	4
6334	4
6335	4
6336	3
6337	2
6338	3
6339	6
6340	3
6341	2
6342	4
6343	4
6344	4
6345	5
6346	4
6347	3
6348	7
6349	6
6350	5
6351	3
6352	3
6353	8
6354	7
6355	7
6356	2
6357	7
6358	6
6359	3
6360	4
6361	4
6362	6
6363	5
6364	3
6365	5
6366	7
6367	3
6368	5
6369	5
6370	4
6371	2
6372	6
6373	6
6374	3
6375	3
6376	4
6377	1
6378	3
6379	4
6380	4
6381	6
6382	7
6383	1
6384	4
6385	2
6386	3
6387	5
6388	6
6389	5
6390	7
6391	2
6392	7
6393	5
6394	4
6395	4
6396	6
6397	4
6398	2
6399	6
6400	4
6401	6
6402	10
6403	4
6404	7
6405	7
6406	4
6407	5
6408	8
6409	5
6410	4
6411	4
6412	4
6413	4
6414	7
6415	7
6416	4
6417	7
6418	7
6419	2
6420	3
6421	4
6422	2
6423	4
6424	3
6425	3
6426	4
6427	0
6428	1
6429	4
6430	0
6431	3
6432	2
6433	4
6434	7
6435	0
6436	4
6437	4
6438	4
6439	3
6440	3
6441	3
6442	3
6443	5
6444	3
6445	3
6446	3
6447	3
6448	3
6449	3
6450	5
6451	3
6452	3
6453	7
6454	6
6455	10
6456	5
6457	5
6458	3
6459	1
6460	3
6461	0
6462	3
6463	4
6464	3
6465	4
6466	1
6467	1
6468	3
6469	5
6470	3
6471	5
6472	5
6473	3
6474	5
6475	0
6476	3
6477	4
6478	2
6479	2
6480	2
6481	6
6482	3
6483	2
6484	8
6485	9
6486	8
6487	3
6488	5
6489	6
6490	2
6491	6
6492	4
6493	2
6494	6
6495	5
6496	5
6497	6
6498	5
6499	3
6500	5
6501	4
6502	9
6503	7
6504	2
6505	2
6506	4
6507	7
6508	6
6509	3
6510	4
6511	3
6512	4
6513	7
6514	4
6515	2
6516	5
6517	4
6518	6
6519	2
6520	3
6521	5
6522	10
6523	3
6524	1
6525	1
6526	5
6527	0
6528	3
6529	5
6530	5
6531	3
6532	5
6533	3
6534	7
6535	2
6536	6
6537	5
6538	3
6539	5
6540	6
6541	0
6542	6
6543	4
6544	6
6545	5
6546	1
6547	7
6548	1
6549	4
6550	5
6551	4
6552	4
6553	5
6554	3
6555	2
6556	3
6557	4
6558	3
6559	4
6560	3
6561	6
6562	2
6563	1
6564	1
6565	8
6566	5
6567	6
6568	3
6569	2
6570	5
6571	6
6572	4
6573	4
6574	4
6575	5
6576	1
6577	3
6578	4
6579	6
6580	5
6581	8
6582	6
6583	3
6584	4
6585	6
6586	2
6587	7
6588	2
6589	3
6590	3
6591	4
6592	3
6593	2
6594	2
6595	1
6596	1
6597	9
6598	6
6599	7
6600	4
6601	3
6602	2
6603	4
6604	2
6605	7
6606	3
6607	3
6608	5
6609	3
6610	1
6611	5
6612	4
6613	3
6614	2
6615	3
6616	4
6617	4
6618	3
6619	7
6620	3
6621	5
6622	3
6623	2
6624	4
6625	6
6626	2
6627	8
6628	2
6629	2
6630	4
6631	9
6632	9
6633	1
6634	5
6635	1
6636	5
6637	3
6638	3
6639	7
6640	1
6641	4
6642	1
6643	3
6644	2
6645	5
6646	6
6647	6
6648	8
6649	8
6650	4
6651	1
6652	3
6653	3
6654	4
6655	1
6656	7
6657	2
6658	5
6659	1
6660	6
6661	2
6662	2
6663	7
6664	4
6665	4
6666	4
6667	2
6668	3
6669	5
6670	3
6671	3
6672	2
6673	0
6674	4
6675	4
6676	4
6677	3
6678	4
6679	2
6680	5
6681	4
6682	4
6683	3
6684	3
6685	2
6686	2
6687	1
6688	4
6689	2
6690	1
6691	3
6692	7
6693	3
6694	2
6695	7
6696	5
6697	2
6698	5
6699	2
6700	4
6701	2
6702	4
6703	4
6704	4
6705	2
6706	5
6707	1
6708	3
6709	6
6710	1
6711	5
6712	3
6713	5
6714	2
6715	3
6716	2
6717	3
6718	5
6719	2
6720	8
6721	3
6722	7
6723	5
6724	1
6725	6
6726	3
6727	5
6728	4
6729	1
6730	4
6731	1
6732	3
6733	3
6734	4
6735	4
6736	2
6737	3
6738	3
6739	4
6740	6
6741	3
6742	2
6743	3
6744	6
6745	5
6746	2
6747	7
6748	6
6749	5
6750	1
6751	2
6752	3
6753	2
6754	1
6755	2
6756	6
6757	7
6758	6
6759	5
6760	5
6761	4
6762	5
6763	3
6764	6
6765	2
6766	3
6767	2
6768	6
6769	5
6770	2
6771	6
6772	2
6773	4
6774	6
6775	3
6776	3
6777	4
6778	1
6779	4
6780	2
6781	3
6782	3
6783	4
6784	4
6785	3
6786	3
6787	3
6788	6
6789	2
6790	2
6791	1
6792	2
6793	4
6794	1
6795	2
6796	3
6797	3
6798	0
6799	1
6800	1
6801	7
6802	4
6803	2
6804	7
6805	1
6806	4
6807	5
6808	3
6809	0
6810	2
6811	3
6812	4
6813	2
6814	4
6815	6
6816	4
6817	3
6818	3
6819	0
6820	2
6821	4
6822	2
6823	4
6824	1
6825	2
6826	5
6827	3
6828	4
6829	3
6830	1
6831	7
6832	5
6833	1
6834	5
6835	4
6836	4
6837	5
6838	0
6839	5
6840	3
6841	1
6842	4
6843	6
6844	2
6845	8
6846	4
6847	3
6848	1
6849	5
6850	4
6851	4
6852	5
6853	4
6854	4
6855	2
6856	5
6857	5
6858	3
6859	3
6860	2
6861	4
6862	7
6863	3
6864	3
6865	4
6866	4
6867	4
6868	4
6869	2
6870	1
6871	4
6872	6
6873	5
6874	2
6875	5
6876	3
6877	3
6878	0
6879	6
6880	1
6881	4
6882	3
6883	5
6884	5
6885	3
6886	7
6887	3
6888	5
6889	2
6890	5
6891	0
6892	4
6893	5
6894	6
6895	3
6896	3
6897	3
6898	1
6899	5
6900	3
6901	3
6902	2
6903	1
6904	2
6905	5
6906	8
6907	4
6908	2
6909	5
6910	1
6911	2
6912	4
6913	3
6914	3
6915	2
6916	3
6917	0
6918	3
6919	2
6920	2
6921	1
6922	1
6923	3
6924	3
6925	3
6926	3
6927	2
6928	3
6929	2
6930	5
6931	6
6932	2
6933	3
6934	2
6935	7
6936	2
6937	4
6938	0
6939	4
6940	2
6941	5
6942	4
6943	5
6944	4
6945	1
6946	2
6947	1
6948	2
6949	3
6950	4
6951	2
6952	2
6953	1
6954	6
6955	7
6956	3
6957	2
6958	5
6959	1
6960	0
6961	2
6962	1
6963	1
6964	0
6965	4
6966	7
6967	5
6968	4
6969	1
6970	6
6971	0
6972	1
6973	3
6974	5
6975	1
6976	3
6977	0
6978	7
6979	5
6980	2
6981	2
6982	2
6983	2
6984	1
6985	5
6986	1
6987	5
6988	2
6989	2
6990	2
6991	1
6992	4
6993	3
6994	2
6995	1
6996	2
6997	1
6998	3
6999	4
7000	2
7001	5
7002	3
7003	3
7004	4
7005	2
7006	1
7007	2
7008	4
7009	2
7010	3
7011	1
7012	3
7013	4
7014	4
7015	3
7016	1
7017	0
7018	2
7019	2
7020	1
7021	3
7022	1
7023	4
7024	2
7025	2
7026	2
7027	3
7028	4
7029	3
7030	3
7031	5
7032	2
7033	3
7034	6
7035	1
7036	0
7037	6
7038	0
7039	3
7040	2
7041	5
7042	3
7043	2
7044	6
7045	4
7046	4
7047	4
7048	3
7049	3
7050	2
7051	2
7052	3
7053	3
7054	4
7055	1
7056	1
7057	3
7058	2
7059	4
7060	2
7061	1
7062	2
7063	5
7064	6
7065	3
7066	0
7067	4
7068	2
7069	2
7070	3
7071	0
7072	4
7073	3
7074	0
7075	3
7076	2
7077	3
7078	5
7079	2
7080	4
7081	1
7082	3
7083	3
7084	5
7085	7
7086	2
7087	7
7088	4
7089	1
7090	3
7091	2
7092	4
7093	2
7094	5
7095	5
7096	3
7097	4
7098	2
7099	1
7100	2
7101	5
7102	2
7103	1
7104	0
7105	4
7106	1
7107	0
7108	5
7109	2
7110	1
7111	2
7112	1
7113	4
7114	4
7115	3
7116	1
7117	1
7118	5
7119	1
7120	3
7121	6
7122	2
7123	3
7124	3
7125	1
7126	2
7127	3
7128	4
7129	3
7130	8
7131	2
7132	2
7133	1
7134	7
7135	0
7136	0
7137	1
7138	2
7139	3
7140	2
7141	5
7142	3
7143	2
7144	3
7145	0
7146	4
7147	1
7148	1
7149	3
7150	2
7151	3
7152	3
7153	3
7154	4
7155	3
7156	0
7157	6
7158	3
7159	0
7160	1
7161	3
7162	5
7163	5
7164	3
7165	3
7166	5
7167	3
7168	2
7169	3
7170	1
7171	2
7172	4
7173	1
7174	3
7175	3
7176	6
7177	3
7178	2
7179	1
7180	5
7181	2
7182	3
7183	0
7184	1
7185	1
7186	1
7187	2
7188	1
7189	4
7190	1
7191	4
7192	3
7193	3
7194	0
7195	1
7196	2
7197	2
7198	4
7199	5
7200	2
7201	5
7202	3
7203	2
7204	3
7205	6
7206	4
7207	3
7208	4
7209	1
7210	3
7211	4
7212	4
7213	5
7214	4
7215	3
7216	5
7217	1
7218	3
7219	3
7220	2
7221	2
7222	2
7223	5
7224	5
7225	4
7226	1
7227	1
7228	1
7229	4
7230	3
7231	7
7232	3
7233	2
7234	5
7235	3
7236	3
7237	2
7238	1
7239	7
7240	3
7241	10
7242	5
7243	7
7244	2
7245	3
7246	4
7247	0
7248	3
7249	3
7250	7
7251	7
7252	5
7253	3
7254	4
7255	0
7256	5
7257	4
7258	2
7259	3
7260	3
7261	4
7262	4
7263	7
7264	5
7265	3
7266	2
7267	4
7268	1
7269	2
7270	5
7271	2
7272	4
7273	5
7274	1
7275	4
7276	3
7277	3
7278	5
7279	3
7280	3
7281	4
7282	6
7283	6
7284	5
7285	5
7286	7
7287	7
7288	5
7289	7
7290	5
7291	4
7292	3
7293	5
7294	4
7295	5
7296	4
7297	8
7298	8
7299	5
7300	8
7301	5
7302	3
7303	4
7304	5
7305	7
7306	3
7307	7
7308	3
7309	7
7310	2
7311	0
7312	6
7313	6
7314	2
7315	4
7316	5
7317	6
7318	7
7319	8
7320	3
7321	4
7322	4
7323	5
7324	2
7325	5
7326	3
7327	4
7328	2
7329	7
7330	3
7331	4
7332	5
7333	1
7334	8
7335	2
7336	4
7337	4
7338	4
7339	8
7340	7
7341	4
7342	4
7343	4
7344	6
7345	3
7346	2
7347	9
7348	5
7349	3
7350	3
7351	1
7352	6
7353	4
7354	3
7355	6
7356	4
7357	5
7358	3
7359	3
7360	5
7361	3
7362	4
7363	3
7364	0
7365	1
7366	7
7367	4
7368	5
7369	3
7370	4
7371	3
7372	1
7373	3
7374	3
7375	2
7376	5
7377	2
7378	3
7379	3
7380	4
7381	3
7382	5
7383	5
7384	2
7385	3
7386	5
7387	1
7388	6
7389	3
7390	2
7391	4
7392	0
7393	2
7394	9
7395	3
7396	3
7397	2
7398	2
7399	3
7400	2
7401	1
7402	1
7403	3
7404	5
7405	11
7406	3
7407	2
7408	0
7409	4
7410	4
7411	2
7412	2
7413	2
7414	2
7415	4
7416	7
7417	3
7418	3
7419	1
7420	2
7421	2
7422	2
7423	2
7424	2
7425	2
7426	7
7427	9
7428	1
7429	0
7430	3
7431	1
7432	1
7433	2
7434	1
7435	2
7436	2
7437	1
7438	0
7439	3
7440	1
7441	2
7442	1
7443	1
7444	4
7445	3
7446	3
7447	2
7448	1
7449	1
7450	3
7451	1
7452	1
7453	3
7454	2
7455	1
7456	4
7457	3
7458	3
7459	3
7460	2
7461	0
7462	3
7463	3
7464	2
7465	1
7466	4
7467	2
7468	2
7469	4
7470	0
7471	1
7472	0
7473	1
7474	4
7475	6
7476	0
7477	4
7478	0
7479	0
7480	2
7481	2
7482	3
7483	0
7484	0
7485	1
7486	2
7487	0
7488	4
7489	3
7490	6
7491	1
7492	5
7493	3
7494	2
7495	4
7496	0
7497	3
7498	1
7499	1
7500	2
7501	3
7502	1
7503	0
7504	4
7505	3
7506	2
7507	4
7508	3
7509	0
7510	1
7511	3
7512	4
7513	2
7514	3
7515	4
7516	0
7517	2
7518	2
7519	3
7520	5
7521	0
7522	3
7523	2
7524	3
7525	1
7526	2
7527	2
7528	1
7529	3
7530	1
7531	2
7532	2
7533	0
7534	1
7535	2
7536	3
7537	2
7538	2
7539	7
7540	2
7541	0
7542	2
7543	2
7544	0
7545	1
7546	0
7547	4
7548	1
7549	2
7550	2
7551	3
7552	0
7553	1
7554	0
7555	1
7556	1
7557	3
7558	4
7559	1
7560	1
7561	2
7562	1
7563	4
7564	1
7565	0
7566	1
7567	3
7568	1
7569	2
7570	2
7571	3
7572	3
7573	1
7574	3
7575	3
7576	0
7577	1
7578	4
7579	1
7580	1
7581	1
7582	0
7583	1
7584	2
7585	2
7586	2
7587	2
7588	5
7589	1
7590	2
7591	5
7592	3
7593	2
7594	1
7595	0
7596	1
7597	3
7598	2
7599	4
7600	2
7601	3
7602	0
7603	1
7604	2
7605	1
7606	1
7607	2
7608	1
7609	4
7610	3
7611	2
7612	0
7613	4
7614	2
7615	3
7616	0
7617	0
7618	0
7619	1
7620	3
7621	6
7622	2
7623	4
7624	0
7625	1
7626	2
7627	2
7628	2
7629	3
7630	5
7631	2
7632	4
7633	3
7634	1
7635	4
7636	3
7637	2
7638	4
7639	3
7640	3
7641	0
7642	3
7643	5
7644	6
7645	4
7646	1
7647	3
7648	2
7649	4
7650	5
7651	7
7652	3
7653	5
7654	3
7655	2
7656	5
7657	2
7658	2
7659	4
7660	2
7661	2
7662	4
7663	2
7664	1
7665	5
7666	6
7667	2
7668	3
7669	6
7670	2
7671	3
7672	4
7673	3
7674	5
7675	3
7676	3
7677	5
7678	4
7679	1
7680	1
7681	3
7682	3
7683	5
7684	1
7685	2
7686	6
7687	3
7688	3
7689	3
7690	4
7691	3
7692	6
7693	9
7694	2
7695	3
7696	1
7697	2
7698	0
7699	2
7700	3
7701	5
7702	2
7703	4
7704	3
7705	4
7706	3
7707	3
7708	1
7709	0
7710	4
7711	1
7712	1
7713	2
7714	7
7715	1
7716	0
7717	5
7718	0
7719	5
7720	2
7721	1
7722	6
7723	1
7724	3
7725	1
7726	4
7727	1
7728	2
7729	3
7730	6
7731	1
7732	3
7733	1
7734	2
7735	4
7736	2
7737	3
7738	4
7739	2
7740	3
7741	3
7742	1
7743	2
7744	0
7745	2
7746	3
7747	1
7748	1
7749	2
7750	2
7751	0
7752	2
7753	1
7754	2
7755	0
7756	0
7757	1
7758	1
7759	3
7760	3
7761	2
7762	4
7763	2
7764	3
7765	2
7766	3
7767	1
7768	1
7769	2
7770	1
7771	2
7772	1
7773	2
7774	3
7775	2
7776	1
7777	2
7778	2
7779	2
7780	2
7781	2
7782	2
7783	1
7784	2
7785	1
7786	3
7787	2
7788	0
7789	3
7790	1
7791	1
7792	0
7793	2
7794	2
7795	0
7796	1
7797	3
7798	1
7799	4
7800	1
7801	1
7802	2
7803	1
7804	1
7805	4
7806	0
7807	1
7808	4
7809	3
7810	0
7811	1
7812	0
7813	0
7814	1
7815	1
7816	0
7817	0
7818	2
7819	0
7820	0
7821	0
7822	1
7823	1
7824	0
7825	0
7826	0
7827	3
7828	0
7829	1
7830	0
7831	1
7832	2
7833	0
7834	0
7835	0
7836	1
7837	0
7838	0
7839	1
7840	1
7841	0
7842	0
7843	0
7844	0
7845	1
7846	0
7847	1
7848	2
7849	0
7850	1
7851	0
7852	0
7853	0
7854	3
7855	3
7856	2
7857	0
7858	3
7859	0
7860	0
7861	0
7862	3
7863	0
7864	0
7865	0
7866	0
7867	1
7868	0
7869	1
7870	0
7871	0
7872	0
7873	1
7874	2
7875	0
7876	0
7877	0
7878	0
7879	0
7880	1
7881	2
7882	0
7883	0
7884	0
7885	1
7886	0
7887	2
7888	0
7889	1
7890	0
7891	1
7892	0
7893	0
7894	1
7895	0
7896	1
7897	2
7898	0
7899	0
7900	0
7901	0
7902	1
7903	1
7904	0
7905	0
7906	1
7907	1
7908	1
7909	0
7910	0
7911	0
7912	0
7913	1
7914	0
7915	0
7916	1
7917	0
7918	1
7919	1
7920	1
7921	1
7922	1
7923	2
7924	2
7925	1
7926	1
7927	0
7928	0
7929	0
7930	0
7931	1
7932	0
7933	0
7934	1
7935	1
7936	0
7937	0
7938	0
7939	0
7940	1
7941	1
7942	0
7943	1
7944	1
7945	0
7946	1
7947	0
7948	1
7949	2
7950	0
7951	0
7952	1
7953	1
7954	0
7955	0
7956	0
7957	0
7958	0
7959	0
7960	0
7961	0
7962	0
7963	0
7964	2
7965	0
7966	1
7967	0
7968	1
7969	1
7970	1
7971	1
7972	0
7973	0
7974	0
7975	1
7976	0
7977	0
7978	0
7979	0
7980	0
7981	0
7982	0
7983	0
7984	0
7985	1
7986	1
7987	0
7988	0
7989	0
7990	1
7991	0
7992	1
7993	0
7994	1
7995	0
7996	1
7997	0
7998	1
7999	0
8000	2
8001	14
8002	2
8003	6
8004	6
8005	5
8006	10
8007	5
8008	8
8009	4
8010	7
8011	5
8012	6
8013	6
8014	4
8015	7
8016	5
8017	10
8018	6
8019	9
8020	2
8021	5
8022	8
8023	6
8024	7
8025	7
8026	0
8027	8
8028	6
8029	5
8030	7
8031	4
8032	8
8033	4
8034	4
8035	5
8036	7
8037	5
8038	5
8039	6
8040	5
8041	6
8042	6
8043	4
8044	3
8045	11
8046	2
8047	7
8048	6
8049	5
8050	6
8051	7
8052	6
8053	6
8054	4
8055	8
8056	2
8057	7
8058	9
8059	1
8060	6
8061	11
8062	6
8063	10
8064	7
8065	5
8066	8
8067	4
8068	10
8069	5
8070	2
8071	3
8072	7
8073	8
8074	5
8075	5
8076	6
8077	7
8078	4
8079	4
8080	6
8081	7
8082	4
8083	9
8084	5
8085	4
8086	6
8087	5
8088	7
8089	6
8090	4
8091	4
8092	7
8093	3
8094	5
8095	9
8096	6
8097	4
8098	3
8099	7
8100	3
8101	5
8102	4
8103	7
8104	10
8105	1
8106	5
8107	6
8108	7
8109	11
8110	9
8111	3
8112	9
8113	8
8114	4
8115	10
8116	8
8117	9
8118	3
8119	8
8120	7
8121	7
8122	8
8123	4
8124	5
8125	3
8126	5
8127	4
8128	3
8129	7
8130	6
8131	4
8132	6
8133	8
8134	7
8135	3
8136	5
8137	7
8138	4
8139	8
8140	4
8141	3
8142	10
8143	6
8144	8
8145	4
8146	6
8147	2
8148	7
8149	4
8150	6
8151	8
8152	7
8153	7
8154	6
8155	7
8156	6
8157	9
8158	1
8159	3
8160	4
8161	3
8162	7
8163	4
8164	2
8165	7
8166	9
8167	6
8168	6
8169	5
8170	4
8171	4
8172	4
8173	3
8174	2
8175	7
8176	2
8177	3
8178	6
8179	2
8180	9
8181	6
8182	4
8183	2
8184	2
8185	8
8186	2
8187	5
8188	5
8189	5
8190	3
8191	0
