0	0
1	0
2	0
3	0
4	0
5	0
6	0
7	0
8	0
9	0
10	0
11	0
12	0
13	0
14	0
15	0
16	0
17	0
18	0
19	0
20	0
21	0
22	0
23	0
24	0
25	0
26	0
27	0
28	0
29	0
30	0
31	0
32	0
33	0
34	0
35	0
36	0
37	0
38	0
39	0
40	0
41	0
42	0
43	0
44	0
45	0
46	0
47	0
48	0
49	0
50	0
51	0
52	0
53	0
54	0
55	0
56	0
57	0
58	0
59	0
60	0
61	0
62	0
63	0
64	0
65	0
66	0
67	0
68	0
69	0
70	0
71	0
72	0
73	0
74	0
75	0
76	0
77	0
78	0
79	0
80	0
81	0
82	0
83	0
84	0
85	0
86	0
87	0
88	0
89	0
90	0
91	0
92	0
93	0
94	0
95	0
96	0
97	0
98	0
99	0
100	0
101	0
102	0
103	0
104	0
105	0
106	0
107	0
108	0
109	0
110	0
111	0
112	0
113	0
114	0
115	0
116	0
117	0
118	0
119	0
120	0
121	0
122	0
123	0
124	0
125	0
126	0
127	0
128	0
129	0
130	1
131	0
132	0
133	0
134	0
135	0
136	0
137	0
138	0
139	0
140	0
141	0
142	0
143	0
144	0
145	0
146	0
147	0
148	0
149	0
150	0
151	0
152	0
153	0
154	0
155	0
156	0
157	0
158	0
159	0
160	0
161	0
162	0
163	0
164	0
165	0
166	0
167	0
168	0
169	0
170	0
171	0
172	0
173	0
174	0
175	0
176	0
177	0
178	0
179	0
180	0
181	0
182	1
183	0
184	0
185	0
186	1
187	1
188	5
189	2
190	4
191	6
192	13
193	16
194	19
195	26
196	41
197	38
198	90
199	211
200	443
201	856
202	1604
203	2575
204	4179
205	6839
206	11839
207	28306
208	1.7657e+05
209	7.666e+05
210	2.0888e+06
211	2.9595e+06
212	3.203e+06
213	3.0708e+06
214	2.8898e+06
215	2.6523e+06
216	2.5428e+06
217	2.3836e+06
218	2.2347e+06
219	2.0639e+06
220	1.9586e+06
221	1.8291e+06
222	1.7141e+06
223	1.5651e+06
224	1.4976e+06
225	1.3937e+06
226	1.3043e+06
227	1.2003e+06
228	1.1377e+06
229	1.057e+06
230	9.884e+05
231	9.035e+05
232	8.6267e+05
233	7.9894e+05
234	7.4774e+05
235	6.8661e+05
236	6.499e+05
237	6.0202e+05
238	5.6232e+05
239	5.1415e+05
240	4.8796e+05
241	4.5471e+05
242	4.2328e+05
243	3.8737e+05
244	3.6718e+05
245	3.4e+05
246	3.1676e+05
247	2.8897e+05
248	2.7496e+05
249	2.5528e+05
250	2.3759e+05
251	2.1738e+05
252	2.0537e+05
253	1.9067e+05
254	1.7705e+05
255	1.5815e+05
256	1.5397e+05
257	1.4253e+05
258	1.3254e+05
259	1.2069e+05
260	1.1458e+05
261	1.0624e+05
262	98973
263	89580
264	85527
265	79055
266	73862
267	67493
268	63448
269	58820
270	54573
271	49715
272	47185
273	43766
274	41178
275	37238
276	35055
277	32788
278	30429
279	27684
280	26251
281	24484
282	22584
283	20780
284	19937
285	18326
286	17102
287	15513
288	15003
289	13833
290	12901
291	12012
292	11138
293	10614
294	9827
295	8908
296	8451
297	7967
298	7311
299	6845
300	6458
301	5978
302	5629
303	5350
304	5001
305	4610
306	4318
307	3911
308	3887
309	3661
310	3418
311	3152
312	3002
313	2761
314	2725
315	2489
316	2401
317	2235
318	2118
319	1934
320	1891
321	1855
322	1763
323	1700
324	1539
325	1402
326	1454
327	1313
328	1224
329	1214
330	1161
331	1071
332	1019
333	986
334	979
335	968
336	860
337	852
338	805
339	787
340	750
341	712
342	713
343	650
344	707
345	647
346	621
347	618
348	613
349	542
350	533
351	562
352	520
353	515
354	505
355	466
356	507
357	499
358	479
359	412
360	437
361	435
362	424
363	418
364	386
365	396
366	406
367	383
368	394
369	375
370	363
371	368
372	328
373	406
374	351
375	318
376	309
377	375
378	362
379	343
380	346
381	333
382	347
383	314
384	324
385	322
386	332
387	335
388	321
389	337
390	318
391	326
392	348
393	324
394	298
395	302
396	285
397	299
398	306
399	300
400	295
401	281
402	313
403	288
404	314
405	273
406	283
407	279
408	333
409	281
410	279
411	258
412	300
413	264
414	249
415	289
416	291
417	269
418	263
419	263
420	239
421	250
422	289
423	262
424	260
425	248
426	296
427	243
428	248
429	288
430	230
431	245
432	223
433	243
434	271
435	248
436	223
437	262
438	271
439	233
440	248
441	252
442	240
443	242
444	243
445	222
446	213
447	244
448	237
449	225
450	275
451	245
452	232
453	234
454	203
455	237
456	205
457	221
458	241
459	201
460	200
461	228
462	226
463	222
464	246
465	207
466	215
467	222
468	227
469	210
470	228
471	206
472	206
473	195
474	202
475	219
476	209
477	235
478	201
479	215
480	219
481	191
482	196
483	184
484	217
485	201
486	190
487	199
488	190
489	190
490	230
491	199
492	191
493	216
494	210
495	187
496	195
497	171
498	194
499	178
500	179
501	212
502	164
503	184
504	187
505	184
506	197
507	137
508	218
509	191
510	163
511	165
512	201
513	185
514	184
515	147
516	202
517	169
518	188
519	189
520	181
521	161
522	162
523	172
524	173
525	181
526	170
527	163
528	161
529	172
530	179
531	179
532	162
533	168
534	188
535	161
536	164
537	192
538	188
539	155
540	168
541	165
542	165
543	174
544	165
545	174
546	164
547	157
548	163
549	175
550	175
551	161
552	153
553	138
554	132
555	151
556	139
557	189
558	158
559	168
560	151
561	140
562	158
563	170
564	130
565	155
566	130
567	157
568	142
569	126
570	149
571	144
572	150
573	151
574	162
575	155
576	154
577	156
578	144
579	134
580	145
581	140
582	140
583	134
584	141
585	149
586	159
587	132
588	131
589	151
590	115
591	164
592	126
593	143
594	157
595	137
596	136
597	151
598	151
599	123
600	140
601	130
602	151
603	137
604	128
605	168
606	146
607	110
608	141
609	163
610	131
611	122
612	145
613	146
614	154
615	138
616	128
617	137
618	126
619	148
620	123
621	113
622	136
623	129
624	131
625	139
626	122
627	124
628	144
629	140
630	146
631	116
632	121
633	124
634	127
635	116
636	122
637	112
638	137
639	136
640	120
641	131
642	124
643	132
644	134
645	130
646	111
647	117
648	129
649	105
650	123
651	149
652	125
653	119
654	128
655	110
656	117
657	123
658	126
659	114
660	127
661	128
662	107
663	102
664	146
665	118
666	109
667	122
668	131
669	109
670	122
671	125
672	118
673	124
674	119
675	115
676	129
677	132
678	108
679	125
680	102
681	118
682	110
683	126
684	119
685	120
686	112
687	136
688	112
689	120
690	108
691	113
692	130
693	122
694	109
695	103
696	96
697	114
698	118
699	104
700	119
701	93
702	105
703	117
704	104
705	98
706	97
707	124
708	107
709	104
710	106
711	110
712	104
713	109
714	93
715	92
716	118
717	116
718	105
719	117
720	100
721	99
722	111
723	108
724	97
725	107
726	93
727	97
728	114
729	122
730	110
731	81
732	102
733	109
734	91
735	98
736	98
737	116
738	94
739	95
740	115
741	107
742	108
743	110
744	95
745	107
746	98
747	132
748	114
749	106
750	97
751	94
752	96
753	90
754	106
755	94
756	101
757	95
758	85
759	103
760	103
761	97
762	79
763	94
764	105
765	88
766	106
767	77
768	98
769	90
770	94
771	108
772	104
773	84
774	94
775	108
776	81
777	98
778	86
779	99
780	105
781	103
782	87
783	98
784	99
785	84
786	106
787	93
788	76
789	82
790	93
791	98
792	105
793	84
794	95
795	75
796	89
797	84
798	98
799	94
800	99
801	95
802	111
803	94
804	93
805	90
806	94
807	105
808	95
809	72
810	75
811	93
812	95
813	92
814	87
815	99
816	89
817	91
818	108
819	88
820	90
821	100
822	85
823	74
824	86
825	87
826	103
827	104
828	89
829	92
830	80
831	73
832	108
833	83
834	94
835	84
836	101
837	75
838	95
839	95
840	80
841	93
842	90
843	86
844	82
845	83
846	84
847	75
848	83
849	88
850	100
851	75
852	87
853	104
854	79
855	96
856	97
857	96
858	74
859	85
860	88
861	70
862	78
863	74
864	82
865	103
866	88
867	100
868	92
869	91
870	77
871	78
872	71
873	91
874	91
875	70
876	73
877	90
878	75
879	73
880	64
881	85
882	68
883	84
884	59
885	91
886	91
887	73
888	74
889	74
890	96
891	87
892	71
893	86
894	78
895	82
896	92
897	76
898	84
899	64
900	88
901	71
902	81
903	88
904	90
905	70
906	77
907	97
908	79
909	65
910	94
911	81
912	77
913	57
914	86
915	72
916	75
917	83
918	91
919	64
920	58
921	74
922	86
923	69
924	87
925	76
926	81
927	86
928	73
929	70
930	76
931	88
932	74
933	65
934	66
935	60
936	89
937	72
938	79
939	61
940	72
941	76
942	76
943	72
944	81
945	74
946	78
947	65
948	78
949	76
950	69
951	67
952	90
953	68
954	61
955	82
956	71
957	82
958	80
959	72
960	74
961	74
962	94
963	69
964	78
965	69
966	76
967	71
968	68
969	72
970	86
971	98
972	71
973	56
974	74
975	64
976	71
977	66
978	70
979	81
980	76
981	73
982	81
983	67
984	84
985	78
986	72
987	74
988	80
989	84
990	66
991	73
992	65
993	59
994	74
995	57
996	57
997	73
998	81
999	73
1000	65
1001	67
1002	72
1003	81
1004	61
1005	64
1006	70
1007	62
1008	59
1009	79
1010	81
1011	63
1012	71
1013	57
1014	73
1015	69
1016	86
1017	64
1018	65
1019	64
1020	63
1021	70
1022	61
1023	64
1024	66
1025	71
1026	65
1027	62
1028	62
1029	64
1030	79
1031	55
1032	85
1033	75
1034	91
1035	58
1036	67
1037	63
1038	55
1039	62
1040	65
1041	67
1042	72
1043	68
1044	63
1045	68
1046	69
1047	72
1048	67
1049	54
1050	60
1051	61
1052	72
1053	64
1054	73
1055	59
1056	68
1057	67
1058	67
1059	68
1060	66
1061	63
1062	57
1063	70
1064	86
1065	64
1066	69
1067	66
1068	60
1069	55
1070	69
1071	68
1072	49
1073	57
1074	68
1075	65
1076	64
1077	65
1078	62
1079	55
1080	77
1081	73
1082	60
1083	66
1084	55
1085	64
1086	76
1087	60
1088	63
1089	78
1090	59
1091	76
1092	73
1093	56
1094	63
1095	64
1096	77
1097	61
1098	63
1099	50
1100	58
1101	64
1102	41
1103	51
1104	65
1105	73
1106	69
1107	59
1108	74
1109	54
1110	62
1111	51
1112	60
1113	53
1114	59
1115	53
1116	48
1117	54
1118	56
1119	43
1120	63
1121	52
1122	63
1123	58
1124	58
1125	47
1126	62
1127	62
1128	53
1129	62
1130	61
1131	55
1132	67
1133	59
1134	64
1135	65
1136	68
1137	63
1138	50
1139	63
1140	60
1141	56
1142	71
1143	69
1144	57
1145	58
1146	55
1147	59
1148	55
1149	53
1150	62
1151	48
1152	67
1153	61
1154	66
1155	53
1156	52
1157	52
1158	69
1159	53
1160	52
1161	53
1162	40
1163	50
1164	61
1165	62
1166	44
1167	53
1168	57
1169	72
1170	60
1171	54
1172	54
1173	56
1174	55
1175	69
1176	53
1177	55
1178	56
1179	55
1180	59
1181	56
1182	62
1183	54
1184	67
1185	56
1186	55
1187	69
1188	68
1189	60
1190	63
1191	55
1192	54
1193	63
1194	67
1195	46
1196	60
1197	47
1198	50
1199	59
1200	67
1201	76
1202	56
1203	39
1204	58
1205	53
1206	57
1207	58
1208	49
1209	63
1210	52
1211	42
1212	58
1213	47
1214	54
1215	51
1216	45
1217	57
1218	52
1219	55
1220	69
1221	52
1222	52
1223	44
1224	57
1225	59
1226	56
1227	50
1228	62
1229	44
1230	60
1231	50
1232	66
1233	58
1234	51
1235	51
1236	48
1237	54
1238	53
1239	43
1240	69
1241	60
1242	46
1243	57
1244	52
1245	54
1246	48
1247	48
1248	51
1249	56
1250	42
1251	50
1252	57
1253	66
1254	51
1255	47
1256	47
1257	60
1258	55
1259	47
1260	42
1261	39
1262	60
1263	54
1264	62
1265	45
1266	44
1267	39
1268	51
1269	51
1270	35
1271	52
1272	46
1273	46
1274	50
1275	61
1276	50
1277	62
1278	50
1279	50
1280	52
1281	51
1282	54
1283	56
1284	49
1285	48
1286	51
1287	57
1288	59
1289	57
1290	60
1291	55
1292	37
1293	47
1294	55
1295	45
1296	43
1297	58
1298	50
1299	61
1300	47
1301	47
1302	45
1303	56
1304	50
1305	49
1306	51
1307	45
1308	47
1309	40
1310	36
1311	46
1312	48
1313	50
1314	53
1315	50
1316	56
1317	39
1318	41
1319	56
1320	43
1321	53
1322	49
1323	40
1324	46
1325	59
1326	45
1327	40
1328	48
1329	47
1330	57
1331	51
1332	57
1333	57
1334	63
1335	44
1336	47
1337	42
1338	58
1339	42
1340	51
1341	45
1342	53
1343	42
1344	51
1345	48
1346	58
1347	40
1348	53
1349	48
1350	40
1351	54
1352	47
1353	42
1354	54
1355	51
1356	49
1357	44
1358	47
1359	46
1360	52
1361	43
1362	48
1363	47
1364	54
1365	50
1366	41
1367	51
1368	52
1369	52
1370	53
1371	40
1372	48
1373	48
1374	44
1375	39
1376	44
1377	51
1378	51
1379	49
1380	46
1381	49
1382	44
1383	60
1384	41
1385	47
1386	49
1387	51
1388	50
1389	42
1390	43
1391	53
1392	47
1393	39
1394	56
1395	49
1396	29
1397	37
1398	42
1399	49
1400	37
1401	47
1402	32
1403	55
1404	45
1405	45
1406	48
1407	52
1408	46
1409	50
1410	57
1411	53
1412	49
1413	41
1414	54
1415	49
1416	52
1417	53
1418	47
1419	45
1420	50
1421	44
1422	40
1423	46
1424	61
1425	40
1426	36
1427	40
1428	52
1429	49
1430	62
1431	58
1432	41
1433	33
1434	56
1435	42
1436	44
1437	35
1438	49
1439	43
1440	44
1441	37
1442	39
1443	43
1444	47
1445	45
1446	44
1447	40
1448	48
1449	47
1450	45
1451	54
1452	44
1453	39
1454	47
1455	41
1456	45
1457	38
1458	62
1459	37
1460	43
1461	37
1462	50
1463	33
1464	58
1465	55
1466	37
1467	40
1468	59
1469	51
1470	47
1471	36
1472	55
1473	44
1474	48
1475	42
1476	36
1477	41
1478	34
1479	46
1480	39
1481	51
1482	50
1483	45
1484	45
1485	37
1486	38
1487	35
1488	46
1489	37
1490	43
1491	36
1492	45
1493	37
1494	47
1495	41
1496	47
1497	38
1498	50
1499	50
1500	43
1501	39
1502	38
1503	35
1504	41
1505	39
1506	38
1507	55
1508	41
1509	46
1510	51
1511	42
1512	50
1513	47
1514	50
1515	40
1516	50
1517	37
1518	45
1519	40
1520	40
1521	50
1522	43
1523	41
1524	41
1525	38
1526	38
1527	56
1528	39
1529	36
1530	49
1531	39
1532	37
1533	46
1534	37
1535	36
1536	45
1537	37
1538	47
1539	49
1540	48
1541	41
1542	25
1543	46
1544	44
1545	50
1546	33
1547	39
1548	44
1549	45
1550	34
1551	31
1552	39
1553	45
1554	53
1555	42
1556	35
1557	43
1558	41
1559	39
1560	34
1561	47
1562	45
1563	41
1564	46
1565	38
1566	38
1567	42
1568	42
1569	40
1570	46
1571	34
1572	30
1573	42
1574	38
1575	39
1576	41
1577	35
1578	43
1579	39
1580	33
1581	38
1582	49
1583	39
1584	54
1585	45
1586	48
1587	42
1588	50
1589	39
1590	32
1591	36
1592	41
1593	47
1594	41
1595	43
1596	46
1597	34
1598	38
1599	27
1600	38
1601	30
1602	30
1603	24
1604	43
1605	40
1606	44
1607	51
1608	32
1609	41
1610	45
1611	45
1612	36
1613	38
1614	28
1615	45
1616	44
1617	37
1618	56
1619	31
1620	40
1621	53
1622	36
1623	52
1624	32
1625	39
1626	59
1627	44
1628	38
1629	35
1630	35
1631	34
1632	51
1633	46
1634	33
1635	34
1636	34
1637	46
1638	32
1639	43
1640	55
1641	44
1642	36
1643	40
1644	33
1645	32
1646	43
1647	34
1648	40
1649	41
1650	30
1651	32
1652	36
1653	41
1654	35
1655	29
1656	36
1657	36
1658	46
1659	41
1660	47
1661	44
1662	35
1663	48
1664	34
1665	48
1666	38
1667	40
1668	39
1669	29
1670	27
1671	41
1672	38
1673	39
1674	37
1675	35
1676	40
1677	41
1678	35
1679	37
1680	31
1681	27
1682	43
1683	41
1684	27
1685	40
1686	37
1687	41
1688	40
1689	37
1690	33
1691	42
1692	40
1693	37
1694	45
1695	42
1696	34
1697	29
1698	27
1699	35
1700	32
1701	34
1702	38
1703	37
1704	31
1705	40
1706	34
1707	37
1708	38
1709	36
1710	40
1711	31
1712	31
1713	44
1714	32
1715	45
1716	30
1717	51
1718	44
1719	42
1720	37
1721	36
1722	53
1723	27
1724	38
1725	33
1726	32
1727	40
1728	36
1729	41
1730	37
1731	54
1732	39
1733	40
1734	36
1735	35
1736	38
1737	32
1738	36
1739	40
1740	35
1741	40
1742	36
1743	39
1744	32
1745	36
1746	44
1747	28
1748	37
1749	32
1750	36
1751	31
1752	31
1753	39
1754	23
1755	21
1756	26
1757	37
1758	35
1759	41
1760	36
1761	38
1762	35
1763	35
1764	31
1765	25
1766	41
1767	40
1768	33
1769	41
1770	26
1771	32
1772	29
1773	51
1774	35
1775	34
1776	40
1777	39
1778	40
1779	29
1780	31
1781	48
1782	29
1783	22
1784	45
1785	39
1786	28
1787	38
1788	33
1789	39
1790	32
1791	38
1792	37
1793	44
1794	40
1795	40
1796	42
1797	34
1798	30
1799	34
1800	39
1801	40
1802	35
1803	39
1804	37
1805	46
1806	34
1807	31
1808	37
1809	21
1810	34
1811	31
1812	51
1813	37
1814	38
1815	22
1816	30
1817	38
1818	41
1819	28
1820	29
1821	32
1822	26
1823	26
1824	29
1825	28
1826	33
1827	30
1828	38
1829	46
1830	27
1831	18
1832	37
1833	38
1834	37
1835	34
1836	34
1837	32
1838	35
1839	30
1840	32
1841	38
1842	43
1843	32
1844	39
1845	45
1846	30
1847	35
1848	22
1849	33
1850	41
1851	34
1852	37
1853	41
1854	37
1855	29
1856	36
1857	36
1858	42
1859	31
1860	39
1861	32
1862	33
1863	36
1864	24
1865	29
1866	24
1867	25
1868	40
1869	34
1870	33
1871	29
1872	37
1873	28
1874	27
1875	29
1876	32
1877	34
1878	43
1879	38
1880	28
1881	35
1882	26
1883	24
1884	32
1885	33
1886	36
1887	33
1888	39
1889	34
1890	21
1891	31
1892	32
1893	38
1894	40
1895	22
1896	41
1897	43
1898	33
1899	30
1900	29
1901	30
1902	29
1903	42
1904	39
1905	23
1906	40
1907	39
1908	28
1909	36
1910	31
1911	28
1912	27
1913	43
1914	42
1915	28
1916	36
1917	28
1918	23
1919	33
1920	38
1921	27
1922	34
1923	26
1924	26
1925	19
1926	31
1927	45
1928	30
1929	34
1930	30
1931	29
1932	27
1933	19
1934	33
1935	30
1936	30
1937	36
1938	23
1939	21
1940	35
1941	31
1942	30
1943	31
1944	38
1945	27
1946	30
1947	22
1948	35
1949	30
1950	27
1951	37
1952	25
1953	34
1954	45
1955	23
1956	31
1957	22
1958	27
1959	35
1960	24
1961	25
1962	23
1963	28
1964	36
1965	33
1966	26
1967	41
1968	26
1969	43
1970	29
1971	31
1972	17
1973	20
1974	22
1975	26
1976	37
1977	34
1978	40
1979	30
1980	30
1981	29
1982	32
1983	27
1984	44
1985	28
1986	38
1987	26
1988	33
1989	30
1990	37
1991	23
1992	30
1993	30
1994	35
1995	25
1996	24
1997	33
1998	23
1999	27
2000	32
2001	28
2002	32
2003	24
2004	27
2005	21
2006	26
2007	24
2008	24
2009	23
2010	32
2011	32
2012	24
2013	30
2014	34
2015	24
2016	32
2017	33
2018	24
2019	24
2020	24
2021	31
2022	30
2023	26
2024	30
2025	19
2026	20
2027	16
2028	23
2029	23
2030	20
2031	27
2032	29
2033	19
2034	27
2035	25
2036	25
2037	26
2038	22
2039	26
2040	40
2041	20
2042	30
2043	27
2044	39
2045	25
2046	30
2047	20
2048	18
2049	24
2050	23
2051	26
2052	29
2053	29
2054	17
2055	24
2056	22
2057	31
2058	23
2059	29
2060	21
2061	26
2062	26
2063	16
2064	30
2065	29
2066	29
2067	24
2068	19
2069	18
2070	21
2071	23
2072	25
2073	19
2074	23
2075	17
2076	18
2077	26
2078	23
2079	29
2080	26
2081	22
2082	20
2083	23
2084	21
2085	23
2086	18
2087	22
2088	31
2089	26
2090	24
2091	11
2092	21
2093	23
2094	15
2095	19
2096	16
2097	30
2098	19
2099	26
2100	20
2101	16
2102	35
2103	15
2104	18
2105	20
2106	16
2107	17
2108	21
2109	19
2110	24
2111	23
2112	25
2113	30
2114	25
2115	15
2116	21
2117	24
2118	28
2119	13
2120	22
2121	24
2122	25
2123	31
2124	19
2125	20
2126	29
2127	22
2128	28
2129	18
2130	26
2131	21
2132	28
2133	29
2134	25
2135	27
2136	20
2137	21
2138	13
2139	16
2140	17
2141	14
2142	19
2143	15
2144	21
2145	20
2146	22
2147	18
2148	23
2149	28
2150	25
2151	23
2152	20
2153	17
2154	26
2155	27
2156	16
2157	23
2158	28
2159	21
2160	22
2161	11
2162	23
2163	30
2164	18
2165	26
2166	20
2167	26
2168	23
2169	24
2170	27
2171	22
2172	17
2173	19
2174	22
2175	22
2176	20
2177	25
2178	18
2179	16
2180	22
2181	28
2182	24
2183	20
2184	25
2185	19
2186	30
2187	24
2188	19
2189	20
2190	9
2191	20
2192	12
2193	20
2194	17
2195	23
2196	20
2197	18
2198	29
2199	22
2200	30
2201	15
2202	18
2203	15
2204	18
2205	19
2206	24
2207	16
2208	18
2209	21
2210	22
2211	21
2212	14
2213	21
2214	19
2215	20
2216	23
2217	16
2218	16
2219	22
2220	21
2221	17
2222	20
2223	19
2224	11
2225	18
2226	17
2227	26
2228	13
2229	14
2230	27
2231	13
2232	21
2233	22
2234	16
2235	20
2236	20
2237	19
2238	24
2239	15
2240	22
2241	19
2242	18
2243	26
2244	14
2245	25
2246	15
2247	21
2248	22
2249	17
2250	18
2251	16
2252	16
2253	20
2254	16
2255	18
2256	26
2257	22
2258	25
2259	23
2260	20
2261	23
2262	29
2263	21
2264	13
2265	14
2266	15
2267	20
2268	21
2269	18
2270	13
2271	16
2272	16
2273	17
2274	9
2275	15
2276	16
2277	22
2278	14
2279	17
2280	15
2281	22
2282	12
2283	17
2284	20
2285	21
2286	22
2287	20
2288	26
2289	21
2290	18
2291	16
2292	14
2293	19
2294	14
2295	18
2296	17
2297	13
2298	15
2299	14
2300	21
2301	16
2302	14
2303	22
2304	16
2305	17
2306	19
2307	12
2308	15
2309	13
2310	18
2311	17
2312	15
2313	19
2314	16
2315	18
2316	19
2317	15
2318	15
2319	23
2320	17
2321	14
2322	15
2323	17
2324	11
2325	11
2326	12
2327	22
2328	15
2329	19
2330	16
2331	19
2332	18
2333	19
2334	17
2335	16
2336	14
2337	17
2338	14
2339	15
2340	10
2341	13
2342	11
2343	15
2344	16
2345	12
2346	19
2347	14
2348	8
2349	22
2350	20
2351	12
2352	22
2353	16
2354	17
2355	8
2356	17
2357	25
2358	11
2359	15
2360	15
2361	8
2362	9
2363	12
2364	18
2365	16
2366	17
2367	14
2368	21
2369	8
2370	15
2371	12
2372	15
2373	20
2374	12
2375	12
2376	16
2377	11
2378	9
2379	8
2380	20
2381	13
2382	15
2383	10
2384	17
2385	11
2386	14
2387	15
2388	16
2389	11
2390	15
2391	10
2392	15
2393	14
2394	16
2395	12
2396	21
2397	13
2398	10
2399	13
2400	13
2401	15
2402	10
2403	16
2404	16
2405	15
2406	12
2407	16
2408	16
2409	14
2410	13
2411	18
2412	12
2413	17
2414	16
2415	12
2416	18
2417	10
2418	14
2419	11
2420	12
2421	20
2422	11
2423	15
2424	17
2425	10
2426	12
2427	11
2428	12
2429	16
2430	15
2431	14
2432	15
2433	16
2434	16
2435	9
2436	15
2437	13
2438	8
2439	11
2440	12
2441	17
2442	12
2443	14
2444	9
2445	13
2446	24
2447	12
2448	12
2449	13
2450	15
2451	15
2452	13
2453	16
2454	13
2455	14
2456	15
2457	10
2458	17
2459	16
2460	10
2461	12
2462	8
2463	6
2464	10
2465	10
2466	15
2467	10
2468	12
2469	8
2470	15
2471	16
2472	12
2473	10
2474	14
2475	7
2476	9
2477	15
2478	10
2479	16
2480	8
2481	12
2482	15
2483	13
2484	12
2485	15
2486	15
2487	11
2488	8
2489	18
2490	10
2491	10
2492	8
2493	6
2494	13
2495	11
2496	12
2497	7
2498	15
2499	14
2500	13
2501	13
2502	9
2503	9
2504	9
2505	8
2506	7
2507	7
2508	7
2509	11
2510	16
2511	9
2512	12
2513	16
2514	13
2515	14
2516	11
2517	9
2518	7
2519	9
2520	10
2521	9
2522	15
2523	11
2524	12
2525	6
2526	6
2527	8
2528	8
2529	13
2530	17
2531	14
2532	14
2533	16
2534	18
2535	11
2536	11
2537	14
2538	14
2539	7
2540	12
2541	12
2542	9
2543	12
2544	10
2545	10
2546	13
2547	8
2548	6
2549	5
2550	16
2551	7
2552	6
2553	13
2554	8
2555	8
2556	7
2557	11
2558	9
2559	9
2560	8
2561	10
2562	13
2563	12
2564	15
2565	12
2566	10
2567	15
2568	10
2569	9
2570	8
2571	18
2572	12
2573	11
2574	3
2575	8
2576	12
2577	10
2578	11
2579	8
2580	10
2581	10
2582	7
2583	11
2584	12
2585	4
2586	13
2587	8
2588	12
2589	8
2590	6
2591	13
2592	13
2593	6
2594	6
2595	11
2596	12
2597	8
2598	11
2599	18
2600	10
2601	12
2602	5
2603	6
2604	15
2605	7
2606	5
2607	16
2608	13
2609	9
2610	10
2611	9
2612	8
2613	8
2614	15
2615	15
2616	6
2617	5
2618	14
2619	10
2620	15
2621	12
2622	11
2623	9
2624	10
2625	12
2626	12
2627	7
2628	8
2629	9
2630	17
2631	11
2632	3
2633	13
2634	5
2635	10
2636	9
2637	7
2638	7
2639	12
2640	5
2641	5
2642	7
2643	14
2644	7
2645	15
2646	6
2647	15
2648	12
2649	9
2650	8
2651	11
2652	4
2653	12
2654	10
2655	6
2656	8
2657	8
2658	7
2659	4
2660	4
2661	9
2662	13
2663	4
2664	5
2665	11
2666	7
2667	12
2668	10
2669	9
2670	3
2671	12
2672	5
2673	13
2674	9
2675	5
2676	10
2677	18
2678	12
2679	16
2680	11
2681	8
2682	15
2683	10
2684	8
2685	10
2686	8
2687	10
2688	7
2689	8
2690	11
2691	9
2692	11
2693	11
2694	11
2695	6
2696	7
2697	12
2698	11
2699	11
2700	13
2701	11
2702	10
2703	10
2704	10
2705	8
2706	6
2707	10
2708	13
2709	12
2710	9
2711	8
2712	9
2713	10
2714	3
2715	10
2716	10
2717	6
2718	7
2719	7
2720	13
2721	9
2722	9
2723	10
2724	7
2725	9
2726	13
2727	12
2728	5
2729	4
2730	8
2731	4
2732	8
2733	9
2734	14
2735	7
2736	5
2737	14
2738	7
2739	7
2740	11
2741	9
2742	5
2743	6
2744	9
2745	8
2746	9
2747	7
2748	10
2749	7
2750	7
2751	5
2752	8
2753	11
2754	9
2755	7
2756	11
2757	12
2758	10
2759	7
2760	9
2761	4
2762	11
2763	6
2764	14
2765	7
2766	10
2767	6
2768	7
2769	11
2770	9
2771	10
2772	11
2773	12
2774	10
2775	11
2776	13
2777	6
2778	14
2779	6
2780	8
2781	7
2782	8
2783	4
2784	13
2785	8
2786	8
2787	9
2788	7
2789	12
2790	9
2791	7
2792	9
2793	17
2794	8
2795	11
2796	11
2797	14
2798	8
2799	11
2800	7
2801	9
2802	7
2803	15
2804	6
2805	8
2806	10
2807	12
2808	10
2809	12
2810	7
2811	8
2812	9
2813	9
2814	8
2815	6
2816	8
2817	9
2818	10
2819	11
2820	6
2821	10
2822	12
2823	6
2824	5
2825	5
2826	10
2827	6
2828	8
2829	18
2830	12
2831	9
2832	7
2833	7
2834	10
2835	13
2836	6
2837	14
2838	10
2839	12
2840	8
2841	13
2842	4
2843	6
2844	6
2845	6
2846	9
2847	8
2848	9
2849	8
2850	3
2851	10
2852	9
2853	8
2854	7
2855	4
2856	11
2857	7
2858	11
2859	6
2860	2
2861	5
2862	8
2863	6
2864	12
2865	7
2866	8
2867	14
2868	12
2869	7
2870	12
2871	12
2872	7
2873	9
2874	8
2875	15
2876	6
2877	10
2878	4
2879	6
2880	7
2881	11
2882	5
2883	6
2884	9
2885	13
2886	9
2887	7
2888	4
2889	8
2890	7
2891	6
2892	8
2893	5
2894	11
2895	6
2896	7
2897	9
2898	11
2899	12
2900	15
2901	11
2902	6
2903	12
2904	6
2905	9
2906	6
2907	7
2908	6
2909	4
2910	14
2911	6
2912	9
2913	8
2914	5
2915	10
2916	7
2917	4
2918	1
2919	8
2920	12
2921	9
2922	10
2923	11
2924	10
2925	8
2926	10
2927	7
2928	4
2929	7
2930	6
2931	10
2932	6
2933	10
2934	9
2935	16
2936	7
2937	10
2938	12
2939	7
2940	10
2941	13
2942	11
2943	3
2944	4
2945	3
2946	7
2947	6
2948	4
2949	5
2950	13
2951	7
2952	5
2953	5
2954	14
2955	11
2956	11
2957	9
2958	9
2959	8
2960	15
2961	14
2962	7
2963	7
2964	8
2965	6
2966	11
2967	5
2968	12
2969	9
2970	7
2971	6
2972	3
2973	9
2974	9
2975	6
2976	6
2977	9
2978	12
2979	10
2980	8
2981	9
2982	12
2983	12
2984	10
2985	11
2986	6
2987	4
2988	7
2989	10
2990	11
2991	7
2992	9
2993	9
2994	12
2995	10
2996	10
2997	10
2998	12
2999	10
3000	6
3001	8
3002	10
3003	9
3004	6
3005	8
3006	12
3007	8
3008	10
3009	10
3010	11
3011	7
3012	7
3013	8
3014	13
3015	7
3016	15
3017	9
3018	6
3019	9
3020	12
3021	10
3022	12
3023	7
3024	10
3025	4
3026	16
3027	9
3028	8
3029	10
3030	10
3031	12
3032	4
3033	10
3034	8
3035	10
3036	9
3037	9
3038	13
3039	12
3040	8
3041	7
3042	14
3043	8
3044	7
3045	9
3046	12
3047	6
3048	13
3049	10
3050	6
3051	10
3052	7
3053	14
3054	14
3055	12
3056	14
3057	11
3058	18
3059	15
3060	11
3061	12
3062	8
3063	12
3064	9
3065	11
3066	10
3067	8
3068	11
3069	15
3070	13
3071	11
3072	11
3073	15
3074	15
3075	6
3076	14
3077	6
3078	14
3079	12
3080	14
3081	16
3082	15
3083	10
3084	9
3085	18
3086	15
3087	16
3088	10
3089	17
3090	22
3091	14
3092	10
3093	13
3094	12
3095	11
3096	21
3097	16
3098	15
3099	16
3100	16
3101	15
3102	7
3103	18
3104	17
3105	16
3106	9
3107	15
3108	18
3109	17
3110	11
3111	14
3112	17
3113	16
3114	11
3115	14
3116	22
3117	13
3118	21
3119	14
3120	17
3121	12
3122	11
3123	20
3124	16
3125	15
3126	19
3127	12
3128	11
3129	14
3130	19
3131	15
3132	20
3133	21
3134	16
3135	22
3136	24
3137	13
3138	29
3139	23
3140	19
3141	10
3142	18
3143	17
3144	19
3145	23
3146	16
3147	16
3148	26
3149	27
3150	18
3151	21
3152	26
3153	25
3154	21
3155	9
3156	21
3157	18
3158	20
3159	15
3160	20
3161	16
3162	8
3163	21
3164	18
3165	13
3166	17
3167	18
3168	18
3169	14
3170	16
3171	11
3172	22
3173	19
3174	24
3175	15
3176	12
3177	16
3178	20
3179	17
3180	21
3181	19
3182	8
3183	13
3184	21
3185	14
3186	17
3187	6
3188	19
3189	22
3190	8
3191	19
3192	16
3193	13
3194	15
3195	13
3196	15
3197	7
3198	16
3199	20
3200	10
3201	23
3202	21
3203	18
3204	19
3205	10
3206	10
3207	13
3208	18
3209	18
3210	18
3211	11
3212	14
3213	10
3214	14
3215	11
3216	11
3217	9
3218	14
3219	14
3220	10
3221	15
3222	17
3223	10
3224	18
3225	17
3226	3
3227	9
3228	13
3229	11
3230	15
3231	11
3232	15
3233	11
3234	9
3235	7
3236	9
3237	11
3238	6
3239	8
3240	11
3241	18
3242	12
3243	8
3244	4
3245	9
3246	7
3247	9
3248	9
3249	8
3250	10
3251	19
3252	10
3253	7
3254	8
3255	6
3256	11
3257	12
3258	6
3259	13
3260	11
3261	11
3262	15
3263	11
3264	5
3265	7
3266	7
3267	6
3268	12
3269	10
3270	7
3271	13
3272	15
3273	12
3274	8
3275	12
3276	10
3277	11
3278	9
3279	13
3280	9
3281	14
3282	9
3283	9
3284	13
3285	13
3286	12
3287	10
3288	11
3289	17
3290	13
3291	8
3292	9
3293	9
3294	14
3295	9
3296	10
3297	11
3298	9
3299	14
3300	7
3301	15
3302	8
3303	11
3304	7
3305	11
3306	10
3307	9
3308	9
3309	12
3310	8
3311	9
3312	11
3313	8
3314	7
3315	14
3316	12
3317	8
3318	15
3319	12
3320	8
3321	12
3322	13
3323	9
3324	6
3325	8
3326	7
3327	4
3328	12
3329	9
3330	11
3331	8
3332	8
3333	4
3334	7
3335	5
3336	10
3337	12
3338	7
3339	9
3340	9
3341	10
3342	8
3343	6
3344	8
3345	2
3346	11
3347	11
3348	6
3349	9
3350	12
3351	8
3352	13
3353	6
3354	7
3355	9
3356	9
3357	19
3358	7
3359	8
3360	10
3361	11
3362	10
3363	11
3364	8
3365	11
3366	10
3367	7
3368	6
3369	10
3370	6
3371	3
3372	3
3373	8
3374	6
3375	8
3376	7
3377	5
3378	6
3379	7
3380	4
3381	5
3382	5
3383	9
3384	5
3385	5
3386	5
3387	9
3388	4
3389	10
3390	6
3391	9
3392	6
3393	7
3394	3
3395	3
3396	7
3397	4
3398	7
3399	5
3400	7
3401	7
3402	8
3403	10
3404	5
3405	5
3406	5
3407	4
3408	8
3409	5
3410	3
3411	7
3412	7
3413	4
3414	10
3415	10
3416	1
3417	3
3418	6
3419	5
3420	9
3421	7
3422	6
3423	5
3424	10
3425	6
3426	1
3427	7
3428	6
3429	5
3430	7
3431	14
3432	8
3433	5
3434	12
3435	7
3436	5
3437	5
3438	6
3439	9
3440	12
3441	4
3442	6
3443	2
3444	3
3445	5
3446	7
3447	5
3448	3
3449	3
3450	8
3451	4
3452	12
3453	9
3454	8
3455	8
3456	6
3457	4
3458	3
3459	6
3460	6
3461	6
3462	9
3463	5
3464	3
3465	1
3466	4
3467	4
3468	11
3469	7
3470	6
3471	4
3472	3
3473	4
3474	2
3475	4
3476	5
3477	10
3478	2
3479	9
3480	7
3481	3
3482	6
3483	8
3484	6
3485	6
3486	5
3487	4
3488	6
3489	9
3490	7
3491	8
3492	6
3493	4
3494	9
3495	7
3496	1
3497	9
3498	6
3499	11
3500	7
3501	5
3502	7
3503	4
3504	5
3505	8
3506	4
3507	5
3508	8
3509	8
3510	8
3511	6
3512	10
3513	7
3514	5
3515	5
3516	6
3517	6
3518	3
3519	8
3520	6
3521	10
3522	5
3523	8
3524	8
3525	7
3526	5
3527	12
3528	7
3529	6
3530	6
3531	7
3532	4
3533	4
3534	5
3535	3
3536	7
3537	11
3538	4
3539	5
3540	6
3541	6
3542	5
3543	5
3544	3
3545	3
3546	3
3547	2
3548	4
3549	6
3550	8
3551	5
3552	7
3553	8
3554	6
3555	5
3556	8
3557	11
3558	4
3559	9
3560	3
3561	4
3562	3
3563	8
3564	4
3565	4
3566	3
3567	8
3568	3
3569	3
3570	5
3571	5
3572	5
3573	6
3574	8
3575	4
3576	8
3577	6
3578	4
3579	3
3580	3
3581	11
3582	4
3583	2
3584	6
3585	4
3586	5
3587	9
3588	3
3589	4
3590	8
3591	3
3592	13
3593	7
3594	6
3595	8
3596	8
3597	5
3598	4
3599	8
3600	7
3601	4
3602	4
3603	7
3604	5
3605	4
3606	9
3607	6
3608	6
3609	8
3610	4
3611	9
3612	10
3613	6
3614	3
3615	9
3616	9
3617	6
3618	5
3619	6
3620	2
3621	5
3622	8
3623	11
3624	7
3625	8
3626	9
3627	11
3628	5
3629	9
3630	9
3631	4
3632	5
3633	5
3634	5
3635	6
3636	7
3637	8
3638	4
3639	9
3640	6
3641	9
3642	3
3643	4
3644	7
3645	3
3646	8
3647	7
3648	4
3649	7
3650	6
3651	5
3652	2
3653	5
3654	9
3655	3
3656	6
3657	6
3658	3
3659	6
3660	5
3661	9
3662	2
3663	2
3664	3
3665	5
3666	8
3667	4
3668	7
3669	6
3670	5
3671	10
3672	7
3673	5
3674	3
3675	6
3676	12
3677	5
3678	7
3679	2
3680	6
3681	4
3682	7
3683	9
3684	4
3685	5
3686	3
3687	6
3688	3
3689	9
3690	3
3691	11
3692	5
3693	4
3694	2
3695	8
3696	5
3697	10
3698	6
3699	10
3700	4
3701	10
3702	5
3703	5
3704	3
3705	8
3706	8
3707	5
3708	9
3709	4
3710	8
3711	3
3712	3
3713	7
3714	6
3715	6
3716	2
3717	4
3718	7
3719	4
3720	8
3721	4
3722	8
3723	6
3724	6
3725	4
3726	2
3727	7
3728	4
3729	5
3730	6
3731	6
3732	2
3733	2
3734	2
3735	5
3736	4
3737	7
3738	12
3739	7
3740	6
3741	8
3742	9
3743	7
3744	6
3745	10
3746	6
3747	3
3748	8
3749	5
3750	5
3751	5
3752	7
3753	8
3754	5
3755	5
3756	8
3757	6
3758	6
3759	6
3760	4
3761	3
3762	8
3763	8
3764	10
3765	0
3766	7
3767	6
3768	3
3769	4
3770	7
3771	7
3772	6
3773	8
3774	5
3775	4
3776	7
3777	8
3778	3
3779	5
3780	10
3781	9
3782	2
3783	4
3784	8
3785	7
3786	5
3787	4
3788	4
3789	7
3790	7
3791	6
3792	4
3793	4
3794	8
3795	4
3796	8
3797	5
3798	3
3799	6
3800	6
3801	6
3802	4
3803	6
3804	9
3805	4
3806	4
3807	3
3808	2
3809	9
3810	1
3811	4
3812	1
3813	6
3814	8
3815	3
3816	6
3817	2
3818	6
3819	4
3820	7
3821	8
3822	5
3823	6
3824	5
3825	7
3826	7
3827	7
3828	4
3829	6
3830	4
3831	4
3832	6
3833	5
3834	1
3835	3
3836	6
3837	2
3838	5
3839	6
3840	5
3841	2
3842	6
3843	3
3844	4
3845	9
3846	6
3847	7
3848	1
3849	9
3850	5
3851	6
3852	7
3853	5
3854	5
3855	7
3856	2
3857	6
3858	5
3859	7
3860	7
3861	8
3862	7
3863	8
3864	6
3865	6
3866	1
3867	2
3868	4
3869	4
3870	6
3871	5
3872	1
3873	7
3874	5
3875	6
3876	4
3877	6
3878	4
3879	8
3880	3
3881	5
3882	4
3883	6
3884	2
3885	6
3886	7
3887	5
3888	6
3889	2
3890	4
3891	6
3892	2
3893	2
3894	6
3895	6
3896	5
3897	5
3898	6
3899	5
3900	4
3901	11
3902	4
3903	10
3904	10
3905	6
3906	2
3907	5
3908	4
3909	9
3910	6
3911	6
3912	1
3913	6
3914	6
3915	9
3916	8
3917	5
3918	5
3919	6
3920	3
3921	7
3922	7
3923	6
3924	8
3925	6
3926	7
3927	9
3928	5
3929	3
3930	7
3931	6
3932	4
3933	5
3934	4
3935	4
3936	6
3937	6
3938	3
3939	5
3940	11
3941	5
3942	7
3943	8
3944	2
3945	10
3946	4
3947	7
3948	10
3949	13
3950	3
3951	9
3952	4
3953	5
3954	3
3955	3
3956	1
3957	2
3958	2
3959	7
3960	1
3961	8
3962	7
3963	4
3964	3
3965	5
3966	4
3967	2
3968	6
3969	5
3970	8
3971	6
3972	4
3973	7
3974	11
3975	9
3976	8
3977	6
3978	4
3979	8
3980	5
3981	4
3982	3
3983	6
3984	7
3985	12
3986	5
3987	3
3988	4
3989	3
3990	4
3991	4
3992	6
3993	1
3994	2
3995	6
3996	2
3997	8
3998	9
3999	4
4000	4
4001	7
4002	6
4003	3
4004	5
4005	6
4006	5
4007	7
4008	6
4009	3
4010	6
4011	4
4012	6
4013	2
4014	5
4015	3
4016	3
4017	5
4018	13
4019	4
4020	5
4021	8
4022	3
4023	4
4024	2
4025	5
4026	5
4027	6
4028	7
4029	3
4030	4
4031	3
4032	12
4033	7
4034	6
4035	8
4036	6
4037	6
4038	7
4039	5
4040	2
4041	0
4042	5
4043	4
4044	5
4045	5
4046	6
4047	4
4048	3
4049	4
4050	4
4051	10
4052	3
4053	1
4054	4
4055	6
4056	5
4057	4
4058	7
4059	4
4060	5
4061	5
4062	4
4063	5
4064	4
4065	3
4066	4
4067	4
4068	7
4069	4
4070	2
4071	1
4072	5
4073	3
4074	7
4075	11
4076	0
4077	3
4078	5
4079	2
4080	8
4081	1
4082	2
4083	1
4084	3
4085	7
4086	10
4087	5
4088	8
4089	5
4090	1
4091	7
4092	2
4093	4
4094	1
4095	4
4096	2
4097	7
4098	5
4099	7
4100	5
4101	4
4102	6
4103	6
4104	4
4105	9
4106	4
4107	6
4108	5
4109	3
4110	3
4111	5
4112	7
4113	5
4114	4
4115	8
4116	6
4117	3
4118	9
4119	6
4120	7
4121	7
4122	6
4123	5
4124	3
4125	2
4126	4
4127	4
4128	7
4129	1
4130	8
4131	4
4132	3
4133	6
4134	6
4135	7
4136	5
4137	4
4138	1
4139	8
4140	6
4141	3
4142	0
4143	1
4144	2
4145	8
4146	7
4147	3
4148	7
4149	5
4150	12
4151	7
4152	3
4153	5
4154	4
4155	8
4156	6
4157	4
4158	2
4159	1
4160	8
4161	2
4162	4
4163	10
4164	6
4165	7
4166	8
4167	6
4168	8
4169	3
4170	6
4171	6
4172	9
4173	6
4174	3
4175	1
4176	3
4177	2
4178	8
4179	8
4180	3
4181	4
4182	3
4183	2
4184	3
4185	4
4186	3
4187	0
4188	10
4189	0
4190	5
4191	4
4192	3
4193	4
4194	0
4195	5
4196	2
4197	3
4198	4
4199	5
4200	8
4201	2
4202	10
4203	8
4204	6
4205	5
4206	8
4207	2
4208	8
4209	9
4210	4
4211	7
4212	4
4213	4
4214	10
4215	1
4216	2
4217	2
4218	7
4219	9
4220	4
4221	7
4222	4
4223	4
4224	2
4225	4
4226	4
4227	4
4228	3
4229	3
4230	5
4231	3
4232	3
4233	3
4234	2
4235	4
4236	5
4237	2
4238	10
4239	4
4240	7
4241	4
4242	5
4243	2
4244	4
4245	6
4246	1
4247	3
4248	2
4249	4
4250	1
4251	3
4252	4
4253	2
4254	10
4255	5
4256	6
4257	4
4258	4
4259	5
4260	8
4261	7
4262	1
4263	1
4264	5
4265	6
4266	6
4267	8
4268	4
4269	8
4270	4
4271	4
4272	3
4273	0
4274	6
4275	4
4276	6
4277	5
4278	0
4279	5
4280	0
4281	3
4282	7
4283	2
4284	1
4285	1
4286	2
4287	4
4288	1
4289	4
4290	6
4291	5
4292	8
4293	4
4294	4
4295	3
4296	7
4297	8
4298	5
4299	6
4300	2
4301	0
4302	0
4303	3
4304	2
4305	3
4306	3
4307	4
4308	3
4309	5
4310	6
4311	8
4312	2
4313	0
4314	5
4315	4
4316	5
4317	4
4318	3
4319	3
4320	0
4321	1
4322	5
4323	2
4324	3
4325	6
4326	5
4327	4
4328	6
4329	2
4330	5
4331	2
4332	5
4333	2
4334	5
4335	6
4336	4
4337	4
4338	2
4339	8
4340	1
4341	3
4342	1
4343	3
4344	4
4345	1
4346	1
4347	1
4348	3
4349	4
4350	5
4351	4
4352	5
4353	4
4354	4
4355	7
4356	8
4357	5
4358	2
4359	6
4360	2
4361	4
4362	5
4363	5
4364	3
4365	4
4366	3
4367	1
4368	3
4369	4
4370	2
4371	2
4372	1
4373	5
4374	5
4375	1
4376	8
4377	1
4378	4
4379	2
4380	1
4381	4
4382	3
4383	2
4384	2
4385	4
4386	3
4387	3
4388	3
4389	3
4390	1
4391	4
4392	7
4393	3
4394	4
4395	0
4396	2
4397	2
4398	4
4399	5
4400	2
4401	4
4402	3
4403	2
4404	7
4405	3
4406	5
4407	2
4408	0
4409	5
4410	5
4411	4
4412	3
4413	5
4414	3
4415	3
4416	1
4417	4
4418	2
4419	1
4420	6
4421	6
4422	0
4423	3
4424	2
4425	3
4426	5
4427	2
4428	3
4429	1
4430	5
4431	4
4432	1
4433	2
4434	4
4435	3
4436	3
4437	3
4438	4
4439	2
4440	0
4441	4
4442	0
4443	5
4444	4
4445	4
4446	3
4447	8
4448	3
4449	4
4450	3
4451	3
4452	1
4453	6
4454	3
4455	5
4456	3
4457	1
4458	1
4459	5
4460	3
4461	1
4462	5
4463	4
4464	5
4465	1
4466	7
4467	4
4468	2
4469	1
4470	3
4471	3
4472	5
4473	1
4474	4
4475	5
4476	2
4477	5
4478	6
4479	3
4480	8
4481	5
4482	3
4483	2
4484	1
4485	2
4486	1
4487	2
4488	2
4489	5
4490	3
4491	1
4492	1
4493	10
4494	0
4495	3
4496	3
4497	4
4498	3
4499	4
4500	4
4501	0
4502	1
4503	2
4504	2
4505	3
4506	3
4507	3
4508	1
4509	4
4510	2
4511	4
4512	2
4513	2
4514	4
4515	1
4516	7
4517	1
4518	0
4519	5
4520	2
4521	1
4522	1
4523	0
4524	2
4525	0
4526	3
4527	3
4528	1
4529	2
4530	3
4531	3
4532	5
4533	4
4534	4
4535	2
4536	6
4537	3
4538	4
4539	4
4540	3
4541	6
4542	2
4543	3
4544	3
4545	2
4546	2
4547	1
4548	0
4549	2
4550	4
4551	2
4552	1
4553	2
4554	3
4555	3
4556	2
4557	3
4558	5
4559	3
4560	2
4561	1
4562	3
4563	3
4564	3
4565	6
4566	2
4567	3
4568	4
4569	2
4570	1
4571	3
4572	5
4573	5
4574	0
4575	2
4576	6
4577	7
4578	1
4579	1
4580	1
4581	5
4582	2
4583	1
4584	4
4585	4
4586	3
4587	3
4588	6
4589	3
4590	0
4591	5
4592	2
4593	2
4594	3
4595	1
4596	2
4597	4
4598	2
4599	6
4600	4
4601	4
4602	1
4603	6
4604	4
4605	2
4606	3
4607	2
4608	4
4609	2
4610	1
4611	1
4612	2
4613	0
4614	4
4615	5
4616	1
4617	2
4618	4
4619	4
4620	1
4621	2
4622	5
4623	1
4624	3
4625	6
4626	5
4627	4
4628	2
4629	9
4630	2
4631	4
4632	4
4633	3
4634	0
4635	4
4636	2
4637	3
4638	1
4639	2
4640	1
4641	4
4642	2
4643	2
4644	5
4645	2
4646	2
4647	0
4648	0
4649	1
4650	2
4651	3
4652	1
4653	4
4654	1
4655	1
4656	1
4657	1
4658	2
4659	5
4660	1
4661	1
4662	2
4663	0
4664	1
4665	1
4666	3
4667	2
4668	4
4669	1
4670	3
4671	4
4672	1
4673	1
4674	6
4675	3
4676	4
4677	3
4678	2
4679	2
4680	1
4681	1
4682	4
4683	3
4684	4
4685	3
4686	2
4687	2
4688	4
4689	3
4690	2
4691	2
4692	3
4693	4
4694	1
4695	4
4696	2
4697	6
4698	1
4699	3
4700	4
4701	0
4702	3
4703	2
4704	2
4705	2
4706	1
4707	3
4708	4
4709	1
4710	2
4711	3
4712	3
4713	0
4714	3
4715	1
4716	0
4717	4
4718	0
4719	2
4720	1
4721	3
4722	6
4723	4
4724	1
4725	2
4726	2
4727	3
4728	0
4729	4
4730	1
4731	3
4732	1
4733	3
4734	3
4735	1
4736	1
4737	5
4738	3
4739	2
4740	3
4741	4
4742	2
4743	1
4744	1
4745	3
4746	2
4747	2
4748	2
4749	6
4750	1
4751	1
4752	1
4753	4
4754	4
4755	3
4756	5
4757	3
4758	0
4759	2
4760	2
4761	0
4762	2
4763	2
4764	7
4765	3
4766	5
4767	2
4768	1
4769	1
4770	1
4771	2
4772	6
4773	3
4774	0
4775	1
4776	1
4777	6
4778	1
4779	1
4780	3
4781	1
4782	2
4783	3
4784	2
4785	5
4786	0
4787	3
4788	2
4789	2
4790	3
4791	3
4792	1
4793	2
4794	4
4795	1
4796	5
4797	9
4798	3
4799	4
4800	0
4801	2
4802	4
4803	6
4804	3
4805	1
4806	0
4807	4
4808	0
4809	5
4810	5
4811	4
4812	3
4813	2
4814	6
4815	1
4816	2
4817	4
4818	6
4819	0
4820	1
4821	2
4822	4
4823	1
4824	2
4825	1
4826	3
4827	1
4828	2
4829	4
4830	4
4831	1
4832	4
4833	2
4834	3
4835	2
4836	3
4837	1
4838	1
4839	1
4840	4
4841	2
4842	2
4843	3
4844	2
4845	3
4846	3
4847	3
4848	2
4849	1
4850	4
4851	2
4852	3
4853	3
4854	0
4855	4
4856	1
4857	2
4858	0
4859	4
4860	1
4861	2
4862	4
4863	0
4864	3
4865	1
4866	6
4867	2
4868	2
4869	1
4870	1
4871	1
4872	2
4873	1
4874	3
4875	1
4876	3
4877	3
4878	1
4879	4
4880	4
4881	4
4882	0
4883	1
4884	3
4885	3
4886	1
4887	1
4888	1
4889	2
4890	3
4891	2
4892	2
4893	5
4894	2
4895	2
4896	2
4897	1
4898	2
4899	2
4900	4
4901	6
4902	3
4903	1
4904	0
4905	5
4906	2
4907	2
4908	1
4909	1
4910	0
4911	3
4912	4
4913	1
4914	1
4915	1
4916	5
4917	3
4918	3
4919	1
4920	2
4921	3
4922	0
4923	0
4924	4
4925	5
4926	1
4927	2
4928	3
4929	3
4930	2
4931	2
4932	4
4933	0
4934	4
4935	2
4936	2
4937	5
4938	5
4939	0
4940	1
4941	1
4942	2
4943	3
4944	1
4945	1
4946	1
4947	2
4948	1
4949	2
4950	2
4951	1
4952	0
4953	3
4954	2
4955	1
4956	2
4957	0
4958	4
4959	5
4960	3
4961	4
4962	2
4963	1
4964	1
4965	1
4966	2
4967	3
4968	3
4969	0
4970	2
4971	1
4972	3
4973	1
4974	1
4975	2
4976	1
4977	6
4978	3
4979	0
4980	3
4981	1
4982	2
4983	2
4984	0
4985	2
4986	0
4987	1
4988	2
4989	0
4990	5
4991	3
4992	1
4993	2
4994	3
4995	4
4996	5
4997	3
4998	0
4999	3
5000	0
5001	2
5002	2
5003	2
5004	2
5005	2
5006	3
5007	2
5008	2
5009	0
5010	1
5011	3
5012	3
5013	3
5014	3
5015	4
5016	2
5017	3
5018	4
5019	1
5020	2
5021	1
5022	3
5023	2
5024	5
5025	1
5026	4
5027	2
5028	1
5029	0
5030	4
5031	6
5032	1
5033	0
5034	4
5035	1
5036	4
5037	2
5038	1
5039	3
5040	3
5041	3
5042	3
5043	1
5044	2
5045	3
5046	2
5047	1
5048	2
5049	3
5050	2
5051	0
5052	6
5053	1
5054	1
5055	1
5056	2
5057	1
5058	2
5059	2
5060	1
5061	1
5062	3
5063	1
5064	2
5065	1
5066	4
5067	2
5068	4
5069	3
5070	0
5071	3
5072	2
5073	3
5074	1
5075	3
5076	1
5077	1
5078	1
5079	3
5080	2
5081	1
5082	4
5083	3
5084	0
5085	2
5086	0
5087	2
5088	2
5089	1
5090	0
5091	2
5092	2
5093	2
5094	1
5095	3
5096	1
5097	3
5098	2
5099	2
5100	4
5101	1
5102	4
5103	2
5104	3
5105	1
5106	0
5107	4
5108	3
5109	3
5110	3
5111	0
5112	2
5113	2
5114	2
5115	4
5116	1
5117	2
5118	3
5119	0
5120	2
5121	3
5122	2
5123	6
5124	3
5125	1
5126	3
5127	2
5128	5
5129	4
5130	2
5131	0
5132	2
5133	2
5134	1
5135	1
5136	2
5137	3
5138	3
5139	1
5140	2
5141	2
5142	4
5143	0
5144	0
5145	2
5146	3
5147	3
5148	2
5149	2
5150	2
5151	1
5152	4
5153	1
5154	3
5155	2
5156	0
5157	5
5158	2
5159	1
5160	5
5161	1
5162	6
5163	5
5164	2
5165	4
5166	2
5167	3
5168	0
5169	1
5170	0
5171	3
5172	2
5173	6
5174	1
5175	2
5176	1
5177	5
5178	0
5179	3
5180	0
5181	1
5182	1
5183	2
5184	2
5185	1
5186	2
5187	3
5188	1
5189	0
5190	4
5191	0
5192	3
5193	3
5194	4
5195	2
5196	1
5197	2
5198	2
5199	1
5200	1
5201	4
5202	2
5203	3
5204	0
5205	4
5206	1
5207	3
5208	3
5209	2
5210	1
5211	2
5212	1
5213	1
5214	1
5215	1
5216	2
5217	4
5218	4
5219	3
5220	1
5221	1
5222	7
5223	4
5224	3
5225	2
5226	2
5227	1
5228	3
5229	0
5230	1
5231	1
5232	0
5233	3
5234	3
5235	6
5236	2
5237	1
5238	4
5239	1
5240	1
5241	1
5242	0
5243	4
5244	1
5245	1
5246	4
5247	3
5248	4
5249	3
5250	2
5251	0
5252	2
5253	1
5254	3
5255	3
5256	2
5257	3
5258	1
5259	1
5260	2
5261	2
5262	4
5263	0
5264	3
5265	3
5266	0
5267	0
5268	2
5269	3
5270	2
5271	2
5272	1
5273	2
5274	0
5275	3
5276	2
5277	3
5278	1
5279	1
5280	1
5281	1
5282	2
5283	2
5284	1
5285	4
5286	0
5287	1
5288	3
5289	4
5290	4
5291	4
5292	0
5293	0
5294	1
5295	1
5296	1
5297	1
5298	1
5299	0
5300	0
5301	1
5302	2
5303	2
5304	3
5305	2
5306	2
5307	0
5308	2
5309	4
5310	3
5311	3
5312	2
5313	4
5314	3
5315	3
5316	1
5317	2
5318	4
5319	3
5320	1
5321	2
5322	2
5323	4
5324	1
5325	3
5326	3
5327	4
5328	3
5329	0
5330	1
5331	3
5332	5
5333	3
5334	5
5335	0
5336	1
5337	2
5338	2
5339	1
5340	0
5341	2
5342	3
5343	0
5344	3
5345	4
5346	0
5347	6
5348	2
5349	3
5350	1
5351	3
5352	4
5353	1
5354	3
5355	2
5356	2
5357	2
5358	2
5359	1
5360	2
5361	2
5362	1
5363	3
5364	1
5365	2
5366	3
5367	2
5368	1
5369	5
5370	2
5371	1
5372	1
5373	2
5374	3
5375	1
5376	3
5377	1
5378	1
5379	0
5380	2
5381	5
5382	5
5383	2
5384	2
5385	3
5386	0
5387	1
5388	4
5389	0
5390	3
5391	2
5392	3
5393	0
5394	1
5395	3
5396	1
5397	1
5398	1
5399	2
5400	7
5401	0
5402	6
5403	2
5404	1
5405	3
5406	1
5407	2
5408	2
5409	2
5410	1
5411	1
5412	4
5413	0
5414	1
5415	2
5416	3
5417	2
5418	1
5419	1
5420	2
5421	2
5422	4
5423	1
5424	1
5425	2
5426	2
5427	0
5428	2
5429	0
5430	1
5431	2
5432	4
5433	2
5434	2
5435	0
5436	2
5437	4
5438	1
5439	3
5440	1
5441	1
5442	1
5443	1
5444	3
5445	2
5446	3
5447	2
5448	1
5449	1
5450	0
5451	3
5452	4
5453	7
5454	2
5455	2
5456	5
5457	0
5458	3
5459	4
5460	1
5461	4
5462	1
5463	2
5464	1
5465	3
5466	2
5467	4
5468	3
5469	3
5470	1
5471	0
5472	1
5473	4
5474	4
5475	2
5476	3
5477	2
5478	4
5479	2
5480	2
5481	3
5482	1
5483	2
5484	1
5485	2
5486	3
5487	2
5488	1
5489	1
5490	3
5491	1
5492	0
5493	4
5494	2
5495	0
5496	1
5497	3
5498	0
5499	2
5500	1
5501	1
5502	2
5503	5
5504	1
5505	2
5506	1
5507	4
5508	2
5509	1
5510	2
5511	4
5512	2
5513	3
5514	3
5515	2
5516	1
5517	3
5518	0
5519	1
5520	4
5521	4
5522	1
5523	3
5524	1
5525	0
5526	0
5527	4
5528	2
5529	2
5530	0
5531	4
5532	1
5533	3
5534	0
5535	1
5536	2
5537	1
5538	1
5539	1
5540	5
5541	4
5542	2
5543	1
5544	3
5545	1
5546	1
5547	1
5548	3
5549	1
5550	2
5551	4
5552	2
5553	2
5554	3
5555	1
5556	0
5557	0
5558	2
5559	4
5560	7
5561	1
5562	1
5563	1
5564	1
5565	1
5566	1
5567	1
5568	2
5569	1
5570	2
5571	2
5572	0
5573	2
5574	1
5575	1
5576	3
5577	3
5578	1
5579	1
5580	5
5581	2
5582	1
5583	2
5584	2
5585	4
5586	1
5587	3
5588	5
5589	0
5590	2
5591	2
5592	0
5593	3
5594	3
5595	0
5596	4
5597	1
5598	3
5599	0
5600	1
5601	3
5602	4
5603	1
5604	0
5605	2
5606	3
5607	3
5608	0
5609	0
5610	2
5611	1
5612	0
5613	1
5614	2
5615	2
5616	1
5617	2
5618	4
5619	4
5620	1
5621	0
5622	0
5623	2
5624	1
5625	1
5626	1
5627	1
5628	2
5629	1
5630	4
5631	4
5632	2
5633	1
5634	1
5635	2
5636	5
5637	1
5638	1
5639	3
5640	3
5641	2
5642	2
5643	1
5644	5
5645	1
5646	1
5647	2
5648	2
5649	4
5650	1
5651	3
5652	6
5653	3
5654	2
5655	3
5656	0
5657	3
5658	1
5659	2
5660	1
5661	2
5662	2
5663	3
5664	2
5665	2
5666	3
5667	0
5668	1
5669	1
5670	3
5671	2
5672	4
5673	2
5674	3
5675	0
5676	0
5677	5
5678	0
5679	4
5680	2
5681	1
5682	2
5683	1
5684	0
5685	3
5686	2
5687	2
5688	2
5689	2
5690	0
5691	2
5692	0
5693	4
5694	1
5695	2
5696	3
5697	0
5698	1
5699	1
5700	2
5701	2
5702	2
5703	1
5704	1
5705	2
5706	2
5707	2
5708	5
5709	1
5710	1
5711	2
5712	0
5713	1
5714	1
5715	2
5716	3
5717	3
5718	0
5719	2
5720	0
5721	1
5722	1
5723	2
5724	1
5725	2
5726	2
5727	3
5728	2
5729	5
5730	2
5731	1
5732	1
5733	1
5734	0
5735	1
5736	3
5737	1
5738	3
5739	2
5740	2
5741	2
5742	4
5743	1
5744	1
5745	0
5746	4
5747	2
5748	1
5749	1
5750	4
5751	1
5752	1
5753	1
5754	1
5755	0
5756	1
5757	3
5758	4
5759	0
5760	3
5761	2
5762	2
5763	1
5764	1
5765	2
5766	0
5767	0
5768	3
5769	1
5770	1
5771	2
5772	1
5773	2
5774	0
5775	0
5776	2
5777	1
5778	2
5779	1
5780	3
5781	2
5782	4
5783	2
5784	0
5785	1
5786	4
5787	2
5788	1
5789	2
5790	2
5791	3
5792	5
5793	2
5794	1
5795	0
5796	1
5797	1
5798	2
5799	5
5800	1
5801	2
5802	1
5803	2
5804	1
5805	3
5806	0
5807	0
5808	2
5809	1
5810	2
5811	1
5812	3
5813	4
5814	0
5815	0
5816	1
5817	2
5818	2
5819	2
5820	4
5821	1
5822	0
5823	1
5824	1
5825	2
5826	4
5827	2
5828	0
5829	1
5830	2
5831	2
5832	2
5833	3
5834	4
5835	2
5836	1
5837	0
5838	1
5839	1
5840	2
5841	2
5842	1
5843	2
5844	2
5845	0
5846	3
5847	5
5848	0
5849	2
5850	3
5851	1
5852	2
5853	1
5854	0
5855	1
5856	0
5857	6
5858	1
5859	1
5860	2
5861	1
5862	2
5863	0
5864	2
5865	5
5866	0
5867	2
5868	0
5869	0
5870	0
5871	1
5872	2
5873	1
5874	1
5875	2
5876	1
5877	0
5878	2
5879	0
5880	4
5881	3
5882	2
5883	3
5884	1
5885	1
5886	3
5887	1
5888	1
5889	3
5890	1
5891	3
5892	1
5893	0
5894	3
5895	3
5896	3
5897	2
5898	1
5899	2
5900	1
5901	4
5902	2
5903	1
5904	2
5905	1
5906	1
5907	3
5908	2
5909	3
5910	4
5911	1
5912	2
5913	0
5914	0
5915	1
5916	4
5917	1
5918	1
5919	3
5920	1
5921	2
5922	4
5923	0
5924	1
5925	1
5926	5
5927	4
5928	1
5929	4
5930	1
5931	2
5932	3
5933	1
5934	0
5935	2
5936	2
5937	0
5938	1
5939	0
5940	2
5941	0
5942	4
5943	3
5944	1
5945	2
5946	0
5947	4
5948	3
5949	1
5950	2
5951	1
5952	2
5953	1
5954	1
5955	1
5956	1
5957	1
5958	0
5959	1
5960	1
5961	0
5962	0
5963	1
5964	4
5965	2
5966	2
5967	1
5968	0
5969	2
5970	2
5971	0
5972	0
5973	1
5974	1
5975	1
5976	1
5977	2
5978	1
5979	2
5980	1
5981	1
5982	0
5983	0
5984	1
5985	2
5986	1
5987	5
5988	2
5989	2
5990	1
5991	2
5992	4
5993	1
5994	6
5995	1
5996	2
5997	2
5998	0
5999	2
6000	1
6001	1
6002	2
6003	0
6004	2
6005	1
6006	2
6007	3
6008	1
6009	2
6010	1
6011	2
6012	1
6013	4
6014	3
6015	0
6016	1
6017	0
6018	1
6019	0
6020	2
6021	2
6022	2
6023	0
6024	3
6025	2
6026	2
6027	0
6028	0
6029	0
6030	6
6031	2
6032	4
6033	2
6034	0
6035	2
6036	0
6037	0
6038	0
6039	0
6040	0
6041	3
6042	1
6043	2
6044	1
6045	4
6046	0
6047	1
6048	1
6049	2
6050	1
6051	0
6052	2
6053	0
6054	0
6055	0
6056	1
6057	1
6058	1
6059	5
6060	0
6061	0
6062	4
6063	0
6064	0
6065	2
6066	2
6067	3
6068	4
6069	1
6070	0
6071	0
6072	4
6073	1
6074	1
6075	1
6076	0
6077	1
6078	0
6079	5
6080	3
6081	0
6082	2
6083	0
6084	3
6085	0
6086	2
6087	3
6088	2
6089	0
6090	2
6091	1
6092	2
6093	2
6094	0
6095	1
6096	2
6097	2
6098	0
6099	0
6100	2
6101	2
6102	2
6103	3
6104	1
6105	3
6106	4
6107	1
6108	0
6109	0
6110	2
6111	0
6112	3
6113	0
6114	2
6115	2
6116	1
6117	1
6118	2
6119	1
6120	0
6121	1
6122	1
6123	0
6124	1
6125	3
6126	1
6127	2
6128	1
6129	1
6130	1
6131	2
6132	0
6133	1
6134	1
6135	1
6136	2
6137	0
6138	1
6139	1
6140	1
6141	0
6142	2
6143	1
6144	1
6145	4
6146	0
6147	2
6148	1
6149	2
6150	2
6151	4
6152	2
6153	1
6154	1
6155	1
6156	2
6157	2
6158	1
6159	0
6160	0
6161	0
6162	3
6163	0
6164	3
6165	1
6166	2
6167	2
6168	1
6169	0
6170	4
6171	0
6172	2
6173	1
6174	1
6175	0
6176	1
6177	1
6178	3
6179	1
6180	2
6181	0
6182	1
6183	1
6184	1
6185	1
6186	0
6187	1
6188	1
6189	0
6190	0
6191	0
6192	2
6193	1
6194	1
6195	0
6196	1
6197	1
6198	1
6199	1
6200	0
6201	0
6202	1
6203	0
6204	1
6205	0
6206	2
6207	0
6208	1
6209	0
6210	2
6211	2
6212	0
6213	1
6214	1
6215	0
6216	0
6217	2
6218	2
6219	0
6220	3
6221	0
6222	1
6223	1
6224	0
6225	0
6226	2
6227	2
6228	2
6229	1
6230	0
6231	2
6232	1
6233	0
6234	3
6235	1
6236	3
6237	0
6238	1
6239	1
6240	2
6241	3
6242	0
6243	1
6244	2
6245	0
6246	2
6247	3
6248	2
6249	1
6250	2
6251	2
6252	2
6253	2
6254	1
6255	2
6256	0
6257	0
6258	2
6259	1
6260	1
6261	4
6262	0
6263	1
6264	0
6265	0
6266	0
6267	2
6268	2
6269	0
6270	1
6271	2
6272	1
6273	2
6274	1
6275	2
6276	1
6277	3
6278	1
6279	4
6280	1
6281	0
6282	0
6283	0
6284	3
6285	1
6286	3
6287	1
6288	1
6289	1
6290	1
6291	0
6292	0
6293	2
6294	0
6295	1
6296	1
6297	1
6298	4
6299	0
6300	1
6301	1
6302	4
6303	0
6304	2
6305	2
6306	0
6307	4
6308	2
6309	1
6310	1
6311	0
6312	1
6313	3
6314	3
6315	1
6316	1
6317	0
6318	1
6319	1
6320	0
6321	0
6322	1
6323	2
6324	1
6325	1
6326	3
6327	1
6328	0
6329	0
6330	0
6331	0
6332	2
6333	0
6334	1
6335	1
6336	3
6337	2
6338	1
6339	1
6340	0
6341	0
6342	1
6343	1
6344	1
6345	0
6346	2
6347	0
6348	0
6349	0
6350	1
6351	0
6352	0
6353	3
6354	2
6355	0
6356	1
6357	0
6358	0
6359	2
6360	3
6361	0
6362	0
6363	1
6364	0
6365	1
6366	0
6367	2
6368	0
6369	1
6370	0
6371	0
6372	1
6373	1
6374	1
6375	0
6376	0
6377	1
6378	2
6379	0
6380	2
6381	0
6382	0
6383	1
6384	1
6385	1
6386	0
6387	1
6388	1
6389	2
6390	2
6391	1
6392	2
6393	0
6394	1
6395	0
6396	0
6397	2
6398	0
6399	1
6400	4
6401	1
6402	1
6403	1
6404	0
6405	1
6406	0
6407	1
6408	1
6409	2
6410	0
6411	1
6412	0
6413	1
6414	2
6415	2
6416	1
6417	2
6418	1
6419	1
6420	0
6421	1
6422	1
6423	0
6424	0
6425	3
6426	0
6427	1
6428	1
6429	0
6430	2
6431	1
6432	1
6433	1
6434	1
6435	1
6436	1
6437	1
6438	0
6439	0
6440	0
6441	1
6442	1
6443	0
6444	1
6445	0
6446	2
6447	0
6448	1
6449	0
6450	1
6451	1
6452	1
6453	0
6454	2
6455	2
6456	1
6457	1
6458	0
6459	2
6460	1
6461	1
6462	0
6463	0
6464	1
6465	1
6466	1
6467	0
6468	4
6469	1
6470	2
6471	0
6472	2
6473	1
6474	1
6475	1
6476	0
6477	2
6478	1
6479	0
6480	0
6481	1
6482	2
6483	1
6484	1
6485	0
6486	1
6487	2
6488	1
6489	1
6490	1
6491	1
6492	0
6493	0
6494	1
6495	0
6496	0
6497	1
6498	0
6499	2
6500	1
6501	3
6502	1
6503	0
6504	0
6505	1
6506	3
6507	0
6508	0
6509	1
6510	1
6511	0
6512	0
6513	1
6514	1
6515	0
6516	0
6517	2
6518	0
6519	1
6520	0
6521	2
6522	0
6523	1
6524	2
6525	1
6526	1
6527	0
6528	0
6529	2
6530	1
6531	3
6532	0
6533	0
6534	0
6535	1
6536	0
6537	0
6538	2
6539	0
6540	0
6541	2
6542	2
6543	3
6544	1
6545	1
6546	1
6547	0
6548	2
6549	1
6550	0
6551	2
6552	0
6553	1
6554	0
6555	0
6556	1
6557	1
6558	1
6559	1
6560	1
6561	0
6562	1
6563	0
6564	0
6565	0
6566	2
6567	0
6568	1
6569	1
6570	2
6571	1
6572	2
6573	0
6574	0
6575	0
6576	1
6577	1
6578	0
6579	1
6580	2
6581	0
6582	1
6583	0
6584	2
6585	0
6586	1
6587	2
6588	1
6589	1
6590	1
6591	0
6592	1
6593	1
6594	2
6595	1
6596	2
6597	0
6598	2
6599	2
6600	1
6601	0
6602	1
6603	1
6604	1
6605	0
6606	1
6607	0
6608	2
6609	2
6610	3
6611	1
6612	1
6613	1
6614	0
6615	1
6616	0
6617	1
6618	0
6619	2
6620	1
6621	0
6622	2
6623	1
6624	0
6625	0
6626	1
6627	0
6628	0
6629	2
6630	0
6631	1
6632	1
6633	1
6634	1
6635	0
6636	1
6637	0
6638	2
6639	0
6640	0
6641	1
6642	0
6643	1
6644	2
6645	0
6646	3
6647	0
6648	0
6649	1
6650	1
6651	2
6652	0
6653	1
6654	1
6655	0
6656	3
6657	0
6658	0
6659	3
6660	1
6661	1
6662	1
6663	1
6664	1
6665	1
6666	2
6667	1
6668	0
6669	3
6670	1
6671	3
6672	1
6673	1
6674	0
6675	0
6676	2
6677	1
6678	2
6679	0
6680	1
6681	1
6682	1
6683	1
6684	1
6685	0
6686	1
6687	0
6688	0
6689	0
6690	1
6691	0
6692	2
6693	1
6694	0
6695	1
6696	1
6697	1
6698	1
6699	0
6700	1
6701	0
6702	0
6703	4
6704	0
6705	0
6706	0
6707	0
6708	1
6709	0
6710	0
6711	1
6712	0
6713	0
6714	1
6715	2
6716	3
6717	2
6718	0
6719	1
6720	0
6721	0
6722	2
6723	2
6724	0
6725	1
6726	1
6727	0
6728	1
6729	2
6730	0
6731	2
6732	0
6733	0
6734	1
6735	2
6736	0
6737	0
6738	1
6739	0
6740	2
6741	1
6742	2
6743	1
6744	2
6745	0
6746	1
6747	1
6748	0
6749	0
6750	2
6751	2
6752	1
6753	0
6754	2
6755	0
6756	0
6757	2
6758	1
6759	1
6760	2
6761	0
6762	2
6763	1
6764	0
6765	1
6766	0
6767	1
6768	0
6769	0
6770	1
6771	0
6772	0
6773	1
6774	1
6775	0
6776	2
6777	1
6778	0
6779	1
6780	0
6781	2
6782	1
6783	1
6784	0
6785	0
6786	2
6787	1
6788	0
6789	2
6790	0
6791	1
6792	0
6793	0
6794	0
6795	0
6796	0
6797	1
6798	0
6799	2
6800	1
6801	0
6802	1
6803	0
6804	0
6805	0
6806	2
6807	0
6808	0
6809	1
6810	1
6811	0
6812	1
6813	0
6814	1
6815	1
6816	0
6817	0
6818	0
6819	2
6820	0
6821	0
6822	0
6823	2
6824	0
6825	2
6826	0
6827	0
6828	1
6829	1
6830	1
6831	0
6832	0
6833	0
6834	2
6835	0
6836	0
6837	0
6838	0
6839	1
6840	0
6841	1
6842	0
6843	1
6844	1
6845	0
6846	1
6847	0
6848	2
6849	2
6850	2
6851	0
6852	0
6853	1
6854	0
6855	1
6856	2
6857	1
6858	0
6859	2
6860	0
6861	1
6862	1
6863	0
6864	0
6865	1
6866	0
6867	1
6868	1
6869	1
6870	1
6871	1
6872	0
6873	2
6874	1
6875	0
6876	1
6877	2
6878	0
6879	0
6880	0
6881	1
6882	0
6883	1
6884	1
6885	2
6886	1
6887	0
6888	1
6889	1
6890	3
6891	1
6892	0
6893	1
6894	2
6895	0
6896	0
6897	1
6898	3
6899	0
6900	0
6901	2
6902	0
6903	0
6904	2
6905	0
6906	1
6907	0
6908	0
6909	1
6910	0
6911	1
6912	2
6913	1
6914	1
6915	0
6916	0
6917	1
6918	0
6919	1
6920	0
6921	0
6922	1
6923	0
6924	2
6925	1
6926	1
6927	0
6928	2
6929	0
6930	0
6931	0
6932	1
6933	0
6934	0
6935	3
6936	0
6937	2
6938	3
6939	0
6940	0
6941	0
6942	1
6943	1
6944	1
6945	1
6946	3
6947	1
6948	1
6949	1
6950	0
6951	0
6952	1
6953	3
6954	1
6955	2
6956	0
6957	3
6958	0
6959	0
6960	1
6961	0
6962	0
6963	0
6964	0
6965	1
6966	0
6967	1
6968	1
6969	0
6970	3
6971	0
6972	1
6973	1
6974	0
6975	1
6976	1
6977	3
6978	0
6979	0
6980	1
6981	3
6982	1
6983	1
6984	2
6985	2
6986	2
6987	0
6988	0
6989	0
6990	2
6991	0
6992	0
6993	0
6994	0
6995	2
6996	2
6997	1
6998	0
6999	1
7000	1
7001	0
7002	1
7003	1
7004	0
7005	1
7006	1
7007	0
7008	1
7009	0
7010	0
7011	1
7012	1
7013	1
7014	0
7015	2
7016	1
7017	0
7018	0
7019	5
7020	0
7021	0
7022	0
7023	0
7024	0
7025	2
7026	0
7027	0
7028	0
7029	1
7030	1
7031	0
7032	1
7033	2
7034	0
7035	1
7036	1
7037	1
7038	0
7039	0
7040	0
7041	0
7042	0
7043	2
7044	1
7045	1
7046	0
7047	2
7048	2
7049	5
7050	1
7051	0
7052	2
7053	0
7054	0
7055	2
7056	1
7057	2
7058	0
7059	1
7060	0
7061	0
7062	2
7063	0
7064	0
7065	0
7066	2
7067	0
7068	0
7069	0
7070	0
7071	1
7072	0
7073	0
7074	0
7075	0
7076	0
7077	0
7078	1
7079	1
7080	0
7081	1
7082	0
7083	0
7084	0
7085	2
7086	1
7087	1
7088	1
7089	3
7090	0
7091	0
7092	0
7093	1
7094	0
7095	0
7096	0
7097	2
7098	0
7099	1
7100	1
7101	0
7102	0
7103	1
7104	0
7105	0
7106	0
7107	0
7108	1
7109	1
7110	1
7111	0
7112	0
7113	1
7114	1
7115	0
7116	0
7117	2
7118	2
7119	0
7120	1
7121	0
7122	2
7123	0
7124	1
7125	3
7126	0
7127	0
7128	0
7129	0
7130	1
7131	0
7132	1
7133	0
7134	0
7135	0
7136	1
7137	0
7138	1
7139	0
7140	0
7141	0
7142	0
7143	1
7144	0
7145	1
7146	0
7147	2
7148	0
7149	0
7150	0
7151	2
7152	1
7153	1
7154	0
7155	0
7156	1
7157	1
7158	0
7159	1
7160	0
7161	0
7162	0
7163	2
7164	0
7165	0
7166	1
7167	2
7168	0
7169	1
7170	0
7171	1
7172	0
7173	1
7174	2
7175	1
7176	0
7177	1
7178	2
7179	0
7180	2
7181	1
7182	0
7183	0
7184	0
7185	0
7186	0
7187	1
7188	0
7189	1
7190	0
7191	0
7192	1
7193	1
7194	1
7195	1
7196	1
7197	0
7198	0
7199	0
7200	1
7201	0
7202	0
7203	2
7204	1
7205	0
7206	0
7207	0
7208	1
7209	0
7210	0
7211	1
7212	1
7213	2
7214	0
7215	0
7216	0
7217	2
7218	0
7219	1
7220	1
7221	0
7222	0
7223	0
7224	0
7225	1
7226	0
7227	0
7228	0
7229	0
7230	1
7231	0
7232	0
7233	1
7234	1
7235	0
7236	1
7237	1
7238	1
7239	0
7240	0
7241	0
7242	2
7243	1
7244	1
7245	0
7246	0
7247	0
7248	0
7249	0
7250	0
7251	1
7252	0
7253	0
7254	0
7255	1
7256	1
7257	0
7258	0
7259	0
7260	0
7261	1
7262	1
7263	1
7264	0
7265	0
7266	0
7267	2
7268	0
7269	0
7270	1
7271	1
7272	0
7273	0
7274	0
7275	0
7276	0
7277	0
7278	0
7279	1
7280	1
7281	0
7282	1
7283	1
7284	0
7285	1
7286	0
7287	0
7288	0
7289	0
7290	1
7291	2
7292	0
7293	0
7294	1
7295	1
7296	1
7297	1
7298	2
7299	0
7300	0
7301	1
7302	0
7303	0
7304	1
7305	1
7306	0
7307	0
7308	0
7309	0
7310	0
7311	1
7312	0
7313	1
7314	1
7315	1
7316	0
7317	0
7318	0
7319	0
7320	0
7321	2
7322	1
7323	0
7324	1
7325	1
7326	1
7327	0
7328	3
7329	0
7330	0
7331	0
7332	0
7333	1
7334	1
7335	0
7336	1
7337	1
7338	0
7339	0
7340	0
7341	0
7342	0
7343	0
7344	0
7345	1
7346	2
7347	1
7348	0
7349	0
7350	0
7351	0
7352	0
7353	3
7354	2
7355	2
7356	0
7357	0
7358	2
7359	0
7360	1
7361	0
7362	0
7363	0
7364	1
7365	2
7366	0
7367	1
7368	2
7369	0
7370	2
7371	2
7372	2
7373	0
7374	0
7375	2
7376	0
7377	1
7378	0
7379	0
7380	0
7381	1
7382	0
7383	1
7384	3
7385	0
7386	0
7387	0
7388	3
7389	0
7390	1
7391	2
7392	0
7393	1
7394	0
7395	1
7396	0
7397	0
7398	0
7399	0
7400	0
7401	1
7402	1
7403	0
7404	1
7405	0
7406	0
7407	0
7408	1
7409	0
7410	0
7411	0
7412	1
7413	1
7414	0
7415	1
7416	1
7417	0
7418	0
7419	1
7420	0
7421	0
7422	0
7423	0
7424	0
7425	0
7426	0
7427	2
7428	1
7429	1
7430	0
7431	0
7432	1
7433	1
7434	1
7435	1
7436	1
7437	0
7438	0
7439	0
7440	0
7441	0
7442	0
7443	1
7444	2
7445	2
7446	1
7447	0
7448	1
7449	0
7450	0
7451	0
7452	0
7453	0
7454	0
7455	0
7456	0
7457	0
7458	0
7459	1
7460	0
7461	1
7462	0
7463	1
7464	1
7465	1
7466	1
7467	0
7468	0
7469	0
7470	0
7471	0
7472	1
7473	0
7474	1
7475	2
7476	0
7477	0
7478	0
7479	3
7480	1
7481	0
7482	1
7483	1
7484	0
7485	1
7486	0
7487	0
7488	3
7489	0
7490	0
7491	3
7492	1
7493	0
7494	1
7495	1
7496	1
7497	0
7498	2
7499	0
7500	1
7501	1
7502	1
7503	0
7504	0
7505	2
7506	0
7507	1
7508	0
7509	0
7510	0
7511	1
7512	0
7513	1
7514	0
7515	1
7516	1
7517	1
7518	2
7519	1
7520	0
7521	0
7522	0
7523	1
7524	0
7525	1
7526	0
7527	0
7528	0
7529	1
7530	0
7531	1
7532	0
7533	2
7534	1
7535	2
7536	0
7537	0
7538	0
7539	2
7540	1
7541	0
7542	0
7543	1
7544	1
7545	0
7546	0
7547	1
7548	0
7549	0
7550	0
7551	0
7552	0
7553	0
7554	1
7555	0
7556	1
7557	0
7558	1
7559	0
7560	1
7561	1
7562	2
7563	0
7564	1
7565	1
7566	0
7567	1
7568	0
7569	0
7570	0
7571	3
7572	0
7573	0
7574	0
7575	1
7576	3
7577	0
7578	1
7579	1
7580	1
7581	0
7582	0
7583	1
7584	2
7585	0
7586	1
7587	3
7588	1
7589	0
7590	1
7591	1
7592	1
7593	0
7594	2
7595	1
7596	1
7597	1
7598	0
7599	0
7600	1
7601	4
7602	0
7603	0
7604	0
7605	1
7606	1
7607	0
7608	0
7609	0
7610	0
7611	0
7612	0
7613	1
7614	0
7615	3
7616	1
7617	0
7618	0
7619	2
7620	1
7621	0
7622	0
7623	1
7624	1
7625	2
7626	0
7627	0
7628	1
7629	0
7630	0
7631	2
7632	1
7633	2
7634	0
7635	1
7636	0
7637	1
7638	2
7639	0
7640	0
7641	3
7642	0
7643	0
7644	3
7645	0
7646	0
7647	1
7648	0
7649	3
7650	1
7651	1
7652	1
7653	0
7654	0
7655	0
7656	0
7657	0
7658	2
7659	2
7660	1
7661	0
7662	0
7663	0
7664	1
7665	0
7666	0
7667	1
7668	1
7669	3
7670	2
7671	2
7672	2
7673	0
7674	0
7675	1
7676	0
7677	0
7678	0
7679	0
7680	0
7681	0
7682	1
7683	1
7684	1
7685	0
7686	2
7687	0
7688	1
7689	0
7690	0
7691	0
7692	0
7693	0
7694	0
7695	1
7696	2
7697	0
7698	0
7699	2
7700	0
7701	0
7702	1
7703	3
7704	1
7705	0
7706	0
7707	0
7708	2
7709	3
7710	1
7711	2
7712	0
7713	1
7714	0
7715	0
7716	0
7717	1
7718	0
7719	0
7720	0
7721	3
7722	0
7723	1
7724	0
7725	0
7726	2
7727	0
7728	1
7729	0
7730	0
7731	2
7732	1
7733	1
7734	1
7735	1
7736	0
7737	0
7738	2
7739	0
7740	0
7741	0
7742	0
7743	0
7744	1
7745	0
7746	0
7747	2
7748	0
7749	1
7750	0
7751	0
7752	2
7753	0
7754	0
7755	0
7756	0
7757	1
7758	0
7759	0
7760	0
7761	0
7762	0
7763	0
7764	1
7765	0
7766	0
7767	1
7768	0
7769	0
7770	1
7771	0
7772	3
7773	0
7774	1
7775	0
7776	1
7777	2
7778	1
7779	0
7780	0
7781	1
7782	2
7783	1
7784	2
7785	0
7786	0
7787	0
7788	0
7789	0
7790	1
7791	1
7792	1
7793	0
7794	0
7795	1
7796	1
7797	0
7798	1
7799	0
7800	1
7801	1
7802	0
7803	1
7804	0
7805	1
7806	2
7807	0
7808	1
7809	1
7810	0
7811	2
7812	0
7813	2
7814	1
7815	1
7816	1
7817	1
7818	1
7819	0
7820	1
7821	1
7822	2
7823	1
7824	1
7825	2
7826	1
7827	1
7828	0
7829	2
7830	2
7831	0
7832	0
7833	1
7834	3
7835	0
7836	2
7837	0
7838	0
7839	0
7840	2
7841	1
7842	1
7843	0
7844	0
7845	1
7846	0
7847	0
7848	0
7849	1
7850	1
7851	0
7852	0
7853	0
7854	1
7855	0
7856	0
7857	0
7858	2
7859	0
7860	1
7861	0
7862	2
7863	0
7864	1
7865	0
7866	0
7867	2
7868	0
7869	1
7870	1
7871	1
7872	1
7873	0
7874	1
7875	0
7876	2
7877	0
7878	0
7879	1
7880	0
7881	0
7882	2
7883	1
7884	0
7885	1
7886	1
7887	0
7888	0
7889	1
7890	0
7891	0
7892	0
7893	0
7894	0
7895	1
7896	0
7897	1
7898	0
7899	3
7900	0
7901	1
7902	1
7903	0
7904	2
7905	0
7906	0
7907	0
7908	1
7909	3
7910	0
7911	1
7912	2
7913	0
7914	0
7915	0
7916	1
7917	1
7918	0
7919	3
7920	1
7921	1
7922	0
7923	0
7924	0
7925	0
7926	1
7927	0
7928	0
7929	0
7930	1
7931	1
7932	0
7933	1
7934	1
7935	0
7936	0
7937	2
7938	0
7939	0
7940	1
7941	1
7942	1
7943	0
7944	0
7945	0
7946	0
7947	0
7948	1
7949	0
7950	0
7951	1
7952	0
7953	1
7954	0
7955	1
7956	1
7957	0
7958	0
7959	1
7960	2
7961	0
7962	1
7963	0
7964	0
7965	0
7966	0
7967	1
7968	0
7969	1
7970	0
7971	2
7972	1
7973	0
7974	0
7975	1
7976	0
7977	0
7978	0
7979	1
7980	1
7981	0
7982	0
7983	1
7984	2
7985	0
7986	2
7987	0
7988	0
7989	1
7990	0
7991	0
7992	0
7993	1
7994	0
7995	0
7996	0
7997	2
7998	2
7999	2
8000	0
8001	14
8002	10
8003	7
8004	12
8005	10
8006	7
8007	13
8008	15
8009	9
8010	14
8011	12
8012	17
8013	9
8014	14
8015	11
8016	10
8017	11
8018	8
8019	19
8020	9
8021	11
8022	10
8023	10
8024	9
8025	17
8026	7
8027	15
8028	8
8029	10
8030	10
8031	12
8032	10
8033	14
8034	13
8035	13
8036	7
8037	8
8038	9
8039	8
8040	13
8041	13
8042	10
8043	9
8044	13
8045	9
8046	10
8047	12
8048	12
8049	7
8050	15
8051	11
8052	7
8053	10
8054	15
8055	12
8056	7
8057	9
8058	9
8059	8
8060	11
8061	10
8062	4
8063	14
8064	11
8065	11
8066	11
8067	12
8068	12
8069	10
8070	9
8071	5
8072	6
8073	13
8074	5
8075	10
8076	9
8077	13
8078	13
8079	4
8080	6
8081	9
8082	9
8083	18
8084	8
8085	12
8086	12
8087	8
8088	12
8089	7
8090	8
8091	6
8092	12
8093	14
8094	13
8095	14
8096	9
8097	11
8098	9
8099	15
8100	6
8101	9
8102	7
8103	11
8104	18
8105	10
8106	14
8107	10
8108	12
8109	10
8110	10
8111	10
8112	11
8113	13
8114	13
8115	3
8116	11
8117	16
8118	9
8119	10
8120	14
8121	4
8122	9
8123	9
8124	7
8125	15
8126	11
8127	10
8128	9
8129	17
8130	4
8131	5
8132	6
8133	9
8134	12
8135	11
8136	14
8137	9
8138	8
8139	9
8140	15
8141	5
8142	12
8143	13
8144	13
8145	11
8146	10
8147	13
8148	6
8149	10
8150	10
8151	17
8152	17
8153	15
8154	7
8155	10
8156	10
8157	10
8158	10
8159	7
8160	13
8161	13
8162	11
8163	6
8164	9
8165	4
8166	9
8167	10
8168	9
8169	13
8170	15
8171	8
8172	12
8173	9
8174	5
8175	11
8176	8
8177	8
8178	12
8179	9
8180	10
8181	10
8182	10
8183	8
8184	6
8185	6
8186	9
8187	10
8188	10
8189	8
8190	6
8191	0
