% Spectrum for month 12, day 10.
%
% The first column contains the channel number (0-8191)
% and the second contains the number of counts in that channel.
%
% E1 = 1.7743 MeV
% E2 = 1.9376 MeV
% E4 = 3.9299 MeV
%
0	0
1	0
2	0
3	0
4	0
5	0
6	0
7	0
8	0
9	0
10	520
11	526
12	545
13	495
14	493
15	559
16	540
17	554
18	505
19	561
20	563
21	536
22	535
23	586
24	559
25	571
26	594
27	569
28	579
29	547
30	571
31	542
32	571
33	576
34	541
35	567
36	529
37	564
38	585
39	590
40	577
41	565
42	566
43	573
44	577
45	550
46	602
47	583
48	591
49	569
50	552
51	576
52	599
53	600
54	594
55	595
56	573
57	581
58	583
59	586
60	621
61	581
62	610
63	565
64	639
65	629
66	570
67	590
68	591
69	640
70	604
71	598
72	612
73	629
74	624
75	645
76	626
77	612
78	666
79	617
80	640
81	646
82	645
83	609
84	599
85	627
86	662
87	623
88	665
89	615
90	593
91	597
92	623
93	649
94	648
95	584
96	663
97	630
98	661
99	665
100	653
101	663
102	625
103	642
104	664
105	649
106	672
107	675
108	626
109	633
110	642
111	709
112	663
113	669
114	635
115	722
116	672
117	680
118	659
119	668
120	675
121	630
122	696
123	641
124	700
125	699
126	682
127	649
128	696
129	678
130	669
131	672
132	712
133	673
134	741
135	707
136	718
137	684
138	694
139	730
140	677
141	710
142	730
143	718
144	730
145	706
146	731
147	714
148	705
149	725
150	718
151	726
152	698
153	704
154	707
155	758
156	689
157	642
158	735
159	754
160	741
161	706
162	723
163	755
164	789
165	716
166	725
167	707
168	744
169	761
170	702
171	750
172	730
173	825
174	744
175	752
176	803
177	771
178	783
179	758
180	774
181	769
182	720
183	756
184	767
185	704
186	762
187	791
188	733
189	816
190	799
191	742
192	738
193	779
194	808
195	750
196	822
197	751
198	786
199	797
200	764
201	793
202	769
203	797
204	763
205	826
206	805
207	794
208	778
209	853
210	836
211	791
212	794
213	823
214	828
215	857
216	771
217	795
218	761
219	825
220	849
221	803
222	790
223	804
224	869
225	822
226	856
227	805
228	809
229	795
230	814
231	863
232	842
233	840
234	816
235	822
236	842
237	874
238	813
239	770
240	892
241	860
242	818
243	899
244	855
245	889
246	905
247	836
248	828
249	894
250	929
251	840
252	872
253	909
254	907
255	826
256	905
257	859
258	909
259	882
260	880
261	853
262	905
263	912
264	880
265	911
266	876
267	839
268	902
269	916
270	910
271	927
272	896
273	933
274	917
275	895
276	897
277	840
278	895
279	883
280	884
281	863
282	890
283	883
284	918
285	845
286	940
287	1003
288	920
289	930
290	894
291	880
292	943
293	937
294	891
295	960
296	905
297	954
298	884
299	979
300	926
301	939
302	998
303	923
304	970
305	965
306	944
307	931
308	982
309	937
310	922
311	973
312	972
313	909
314	974
315	992
316	912
317	1009
318	925
319	1014
320	956
321	950
322	952
323	1005
324	978
325	973
326	1021
327	965
328	943
329	960
330	977
331	985
332	909
333	954
334	934
335	1037
336	1036
337	1009
338	992
339	1051
340	994
341	929
342	1027
343	1052
344	1032
345	978
346	1003
347	979
348	1009
349	1001
350	1040
351	994
352	1009
353	1005
354	1024
355	1018
356	1016
357	1017
358	969
359	1008
360	986
361	1069
362	1043
363	1025
364	1082
365	1030
366	1099
367	1005
368	1073
369	989
370	1041
371	1064
372	1075
373	1062
374	1055
375	1001
376	1019
377	1061
378	1021
379	1048
380	1076
381	1007
382	1057
383	1026
384	1084
385	1082
386	1064
387	1055
388	1125
389	1061
390	1105
391	1124
392	1003
393	1057
394	1023
395	1047
396	1034
397	1086
398	1071
399	1055
400	1072
401	1136
402	1097
403	1108
404	1093
405	1067
406	1075
407	1135
408	1142
409	1057
410	1101
411	1064
412	1072
413	1105
414	1056
415	1123
416	1119
417	997
418	1100
419	1086
420	1090
421	1107
422	1076
423	1140
424	1152
425	1142
426	1101
427	1086
428	1164
429	1180
430	1124
431	1147
432	1123
433	1090
434	1158
435	1094
436	1150
437	1103
438	1150
439	1162
440	1119
441	1072
442	1107
443	1121
444	1069
445	1144
446	1105
447	1189
448	1191
449	1169
450	1156
451	1157
452	1205
453	1147
454	1140
455	1148
456	1130
457	1158
458	1114
459	1172
460	1197
461	1115
462	1195
463	1156
464	1111
465	1103
466	1180
467	1208
468	1153
469	1163
470	1174
471	1192
472	1218
473	1142
474	1121
475	1260
476	1213
477	1166
478	1117
479	1226
480	1202
481	1162
482	1189
483	1239
484	1290
485	1196
486	1178
487	1216
488	1232
489	1177
490	1266
491	1203
492	1180
493	1199
494	1136
495	1272
496	1235
497	1241
498	1223
499	1272
500	1242
501	1196
502	1228
503	1229
504	1256
505	1231
506	1263
507	1242
508	1258
509	1255
510	1182
511	1236
512	1255
513	1261
514	1278
515	1233
516	1229
517	1278
518	1293
519	1233
520	1275
521	1207
522	1277
523	1260
524	1283
525	1256
526	1227
527	1262
528	1222
529	1277
530	1245
531	1246
532	1212
533	1234
534	1302
535	1267
536	1260
537	1291
538	1276
539	1187
540	1305
541	1302
542	1281
543	1341
544	1335
545	1303
546	1284
547	1285
548	1314
549	1320
550	1315
551	1278
552	1352
553	1273
554	1286
555	1301
556	1342
557	1308
558	1282
559	1337
560	1348
561	1379
562	1355
563	1285
564	1344
565	1330
566	1359
567	1344
568	1290
569	1333
570	1305
571	1405
572	1330
573	1289
574	1356
575	1375
576	1350
577	1382
578	1306
579	1332
580	1389
581	1398
582	1357
583	1342
584	1353
585	1354
586	1305
587	1363
588	1370
589	1387
590	1343
591	1334
592	1364
593	1359
594	1380
595	1366
596	1371
597	1316
598	1376
599	1350
600	1396
601	1299
602	1359
603	1381
604	1426
605	1390
606	1420
607	1342
608	1304
609	1431
610	1375
611	1337
612	1356
613	1409
614	1380
615	1398
616	1435
617	1347
618	1395
619	1363
620	1367
621	1373
622	1422
623	1436
624	1354
625	1346
626	1364
627	1484
628	1318
629	1446
630	1336
631	1376
632	1403
633	1386
634	1387
635	1430
636	1449
637	1352
638	1449
639	1440
640	1401
641	1501
642	1423
643	1450
644	1422
645	1438
646	1442
647	1365
648	1494
649	1400
650	1465
651	1434
652	1445
653	1392
654	1451
655	1464
656	1485
657	1469
658	1462
659	1424
660	1451
661	1454
662	1441
663	1449
664	1434
665	1401
666	1485
667	1463
668	1418
669	1430
670	1414
671	1424
672	1432
673	1415
674	1443
675	1395
676	1448
677	1479
678	1457
679	1427
680	1494
681	1500
682	1402
683	1428
684	1433
685	1411
686	1430
687	1449
688	1445
689	1433
690	1470
691	1432
692	1439
693	1516
694	1417
695	1501
696	1561
697	1470
698	1515
699	1476
700	1540
701	1483
702	1502
703	1462
704	1427
705	1412
706	1480
707	1509
708	1515
709	1517
710	1544
711	1462
712	1483
713	1491
714	1454
715	1476
716	1512
717	1504
718	1499
719	1566
720	1532
721	1604
722	1547
723	1512
724	1493
725	1495
726	1541
727	1511
728	1528
729	1569
730	1576
731	1533
732	1553
733	1539
734	1585
735	1561
736	1586
737	1543
738	1653
739	1513
740	1597
741	1495
742	1585
743	1546
744	1579
745	1560
746	1569
747	1546
748	1582
749	1570
750	1577
751	1566
752	1502
753	1550
754	1518
755	1519
756	1484
757	1555
758	1556
759	1511
760	1607
761	1647
762	1625
763	1502
764	1553
765	1529
766	1545
767	1567
768	1546
769	1489
770	1575
771	1613
772	1584
773	1583
774	1553
775	1623
776	1529
777	1495
778	1650
779	1607
780	1604
781	1572
782	1598
783	1593
784	1619
785	1645
786	1625
787	1565
788	1584
789	1567
790	1645
791	1539
792	1539
793	1615
794	1720
795	1623
796	1592
797	1582
798	1552
799	1691
800	1682
801	1564
802	1604
803	1550
804	1609
805	1615
806	1615
807	1588
808	1625
809	1641
810	1627
811	1662
812	1562
813	1614
814	1562
815	1705
816	1652
817	1640
818	1689
819	1686
820	1638
821	1632
822	1649
823	1676
824	1696
825	1704
826	1635
827	1647
828	1672
829	1597
830	1633
831	1684
832	1665
833	1644
834	1637
835	1588
836	1664
837	1692
838	1723
839	1697
840	1750
841	1621
842	1626
843	1662
844	1628
845	1649
846	1662
847	1664
848	1667
849	1655
850	1719
851	1734
852	1716
853	1671
854	1688
855	1646
856	1671
857	1654
858	1681
859	1712
860	1574
861	1731
862	1744
863	1729
864	1685
865	1720
866	1646
867	1765
868	1675
869	1595
870	1689
871	1683
872	1702
873	1691
874	1720
875	1682
876	1709
877	1755
878	1695
879	1643
880	1683
881	1725
882	1677
883	1692
884	1663
885	1674
886	1656
887	1769
888	1765
889	1707
890	1715
891	1689
892	1782
893	1713
894	1664
895	1736
896	1760
897	1679
898	1766
899	1732
900	1681
901	1698
902	1699
903	1664
904	1661
905	1759
906	1696
907	1771
908	1708
909	1731
910	1831
911	1735
912	1720
913	1672
914	1763
915	1702
916	1808
917	1758
918	1740
919	1751
920	1788
921	1794
922	1698
923	1781
924	1763
925	1792
926	1711
927	1753
928	1746
929	1799
930	1836
931	1728
932	1759
933	1679
934	1717
935	1741
936	1736
937	1805
938	1782
939	1835
940	1792
941	1751
942	1771
943	1745
944	1753
945	1817
946	1835
947	1750
948	1822
949	1719
950	1795
951	1649
952	1699
953	1763
954	1764
955	1795
956	1742
957	1759
958	1753
959	1834
960	1776
961	1837
962	1821
963	1761
964	1806
965	1789
966	1664
967	1878
968	1785
969	1777
970	1832
971	1815
972	1905
973	1766
974	1824
975	1790
976	1818
977	1770
978	1790
979	1757
980	1767
981	1877
982	1818
983	1829
984	1883
985	1814
986	1802
987	1854
988	1807
989	1756
990	1865
991	1826
992	1799
993	1836
994	1795
995	1848
996	1777
997	1833
998	1828
999	1822
1000	1776
1001	1766
1002	1816
1003	1792
1004	1853
1005	1868
1006	1815
1007	1816
1008	1868
1009	1853
1010	1822
1011	1875
1012	1778
1013	1907
1014	1792
1015	1799
1016	1841
1017	1811
1018	1785
1019	1838
1020	1893
1021	1796
1022	1764
1023	1882
1024	1817
1025	1763
1026	1844
1027	1801
1028	1916
1029	1814
1030	1792
1031	1885
1032	1860
1033	1775
1034	1882
1035	1829
1036	1842
1037	1809
1038	1914
1039	1947
1040	1867
1041	1868
1042	1806
1043	1828
1044	1925
1045	1864
1046	1900
1047	1889
1048	1901
1049	1878
1050	1842
1051	1884
1052	1842
1053	1858
1054	1887
1055	1837
1056	1833
1057	1878
1058	1881
1059	1863
1060	1813
1061	1883
1062	1881
1063	1900
1064	1932
1065	1870
1066	1962
1067	1813
1068	1867
1069	1866
1070	1846
1071	1839
1072	1866
1073	1874
1074	1911
1075	1886
1076	1953
1077	1897
1078	1857
1079	1931
1080	1892
1081	1937
1082	1855
1083	1872
1084	1790
1085	1939
1086	1928
1087	1933
1088	1889
1089	1958
1090	1894
1091	1925
1092	1943
1093	1976
1094	1880
1095	1899
1096	1916
1097	1864
1098	1938
1099	1863
1100	1967
1101	1864
1102	1940
1103	1938
1104	1922
1105	1915
1106	1923
1107	1926
1108	1876
1109	1947
1110	1871
1111	1814
1112	1936
1113	1940
1114	1909
1115	1898
1116	1966
1117	1916
1118	1843
1119	1973
1120	1932
1121	1931
1122	1890
1123	1983
1124	1978
1125	1985
1126	1983
1127	1953
1128	1910
1129	1934
1130	1965
1131	1875
1132	1868
1133	1867
1134	2019
1135	1929
1136	1827
1137	1916
1138	1962
1139	1957
1140	1950
1141	1930
1142	1993
1143	1996
1144	1925
1145	1995
1146	2029
1147	1940
1148	1965
1149	2011
1150	1951
1151	1959
1152	2076
1153	1900
1154	2084
1155	2020
1156	1928
1157	1885
1158	2078
1159	1920
1160	1962
1161	1971
1162	1897
1163	2018
1164	1964
1165	1909
1166	1998
1167	1963
1168	2001
1169	2003
1170	2017
1171	1983
1172	1950
1173	1926
1174	2051
1175	1989
1176	2099
1177	1971
1178	1982
1179	1877
1180	1876
1181	2052
1182	1940
1183	1905
1184	2037
1185	2003
1186	1995
1187	1918
1188	1970
1189	1957
1190	1944
1191	2023
1192	2055
1193	1922
1194	1919
1195	1926
1196	2020
1197	1957
1198	1957
1199	1987
1200	1939
1201	1932
1202	2069
1203	2012
1204	2009
1205	1993
1206	1949
1207	2024
1208	1938
1209	1980
1210	1954
1211	1966
1212	1993
1213	1997
1214	2050
1215	1956
1216	1977
1217	2035
1218	2079
1219	1950
1220	1971
1221	1931
1222	1931
1223	1999
1224	1932
1225	1993
1226	1998
1227	2028
1228	2081
1229	1914
1230	2068
1231	1943
1232	1946
1233	2067
1234	2071
1235	1921
1236	2097
1237	2021
1238	2061
1239	2036
1240	1989
1241	2035
1242	2040
1243	1991
1244	2031
1245	2122
1246	1940
1247	1974
1248	1968
1249	2018
1250	1979
1251	2031
1252	2011
1253	1990
1254	2012
1255	2056
1256	2074
1257	2010
1258	1966
1259	2020
1260	2073
1261	2038
1262	2050
1263	2040
1264	2049
1265	2035
1266	1965
1267	2077
1268	2034
1269	2019
1270	2028
1271	2035
1272	2016
1273	2102
1274	2061
1275	2049
1276	2044
1277	1969
1278	1970
1279	2026
1280	2088
1281	2077
1282	2096
1283	2009
1284	2081
1285	2005
1286	2009
1287	2090
1288	2053
1289	2071
1290	2043
1291	2043
1292	2148
1293	1987
1294	2044
1295	2060
1296	2052
1297	2070
1298	2025
1299	2082
1300	2111
1301	2057
1302	2043
1303	2028
1304	1965
1305	2082
1306	2009
1307	2074
1308	2126
1309	2018
1310	2009
1311	2093
1312	2010
1313	2025
1314	2125
1315	2140
1316	2054
1317	2007
1318	2026
1319	2108
1320	2103
1321	2064
1322	2068
1323	2087
1324	2101
1325	2026
1326	2065
1327	2060
1328	2068
1329	2043
1330	2121
1331	2056
1332	1984
1333	2043
1334	2078
1335	1952
1336	2066
1337	2039
1338	2050
1339	2072
1340	2117
1341	2133
1342	2083
1343	2115
1344	2134
1345	2061
1346	2095
1347	2086
1348	2069
1349	2092
1350	2042
1351	2114
1352	2140
1353	2080
1354	2094
1355	2150
1356	2129
1357	2131
1358	2031
1359	2094
1360	2053
1361	2088
1362	2039
1363	2099
1364	1982
1365	2102
1366	2012
1367	2078
1368	2121
1369	2131
1370	2058
1371	2121
1372	2141
1373	2007
1374	2089
1375	2118
1376	2047
1377	2025
1378	2114
1379	2050
1380	2177
1381	2098
1382	2046
1383	2051
1384	2086
1385	2075
1386	2086
1387	2170
1388	2064
1389	2118
1390	2105
1391	2076
1392	2128
1393	2104
1394	2084
1395	2080
1396	2183
1397	2076
1398	2133
1399	2165
1400	2065
1401	2056
1402	2098
1403	2039
1404	2172
1405	2184
1406	2147
1407	2153
1408	2109
1409	2043
1410	2038
1411	2006
1412	2093
1413	2139
1414	2093
1415	2081
1416	2076
1417	2129
1418	2095
1419	2146
1420	2063
1421	2080
1422	2119
1423	2172
1424	2079
1425	2078
1426	2096
1427	2001
1428	1991
1429	2034
1430	2084
1431	2084
1432	2087
1433	2117
1434	2100
1435	2052
1436	2126
1437	2124
1438	2079
1439	2095
1440	2002
1441	2063
1442	2181
1443	2125
1444	2173
1445	2118
1446	2170
1447	2162
1448	2075
1449	2180
1450	2083
1451	2140
1452	2035
1453	2157
1454	2106
1455	2057
1456	2197
1457	2133
1458	2135
1459	2089
1460	2175
1461	2118
1462	2109
1463	2090
1464	2115
1465	2120
1466	2128
1467	2107
1468	2092
1469	2093
1470	2074
1471	2173
1472	2200
1473	2159
1474	2128
1475	2131
1476	2065
1477	2137
1478	2078
1479	2064
1480	2185
1481	2041
1482	2167
1483	2180
1484	2115
1485	2144
1486	2144
1487	2118
1488	2169
1489	2186
1490	2054
1491	2056
1492	2131
1493	2132
1494	2119
1495	2117
1496	2186
1497	2158
1498	2162
1499	2082
1500	2189
1501	2150
1502	2057
1503	2136
1504	2128
1505	2127
1506	2173
1507	2105
1508	2093
1509	2154
1510	2186
1511	2026
1512	2128
1513	2116
1514	2123
1515	2101
1516	2198
1517	2052
1518	2186
1519	2154
1520	2123
1521	2152
1522	2151
1523	2155
1524	2151
1525	2096
1526	2166
1527	2096
1528	2029
1529	2148
1530	2038
1531	2164
1532	2116
1533	2133
1534	2065
1535	2205
1536	2111
1537	2153
1538	2130
1539	2121
1540	2132
1541	2167
1542	2080
1543	2169
1544	2175
1545	2091
1546	2203
1547	2127
1548	2109
1549	2172
1550	2140
1551	2150
1552	2102
1553	2122
1554	2171
1555	2197
1556	2117
1557	2172
1558	2179
1559	2116
1560	2127
1561	2064
1562	2144
1563	2117
1564	2072
1565	2010
1566	2157
1567	2212
1568	2184
1569	2076
1570	2165
1571	2090
1572	2045
1573	2161
1574	2164
1575	2142
1576	2129
1577	2147
1578	2059
1579	2074
1580	2132
1581	2140
1582	2080
1583	2143
1584	2078
1585	2164
1586	2131
1587	2069
1588	2178
1589	2187
1590	2040
1591	2144
1592	2170
1593	2105
1594	2184
1595	2106
1596	2117
1597	2179
1598	2009
1599	2137
1600	2182
1601	2087
1602	2081
1603	2128
1604	2129
1605	2097
1606	2077
1607	2165
1608	2154
1609	2126
1610	2068
1611	2151
1612	2102
1613	2089
1614	2189
1615	2140
1616	2086
1617	2061
1618	2188
1619	2090
1620	2056
1621	2098
1622	2147
1623	2177
1624	2103
1625	2201
1626	2078
1627	2163
1628	2136
1629	2117
1630	2129
1631	2088
1632	2167
1633	2150
1634	2109
1635	2089
1636	2143
1637	2141
1638	2120
1639	2196
1640	2145
1641	2107
1642	2100
1643	2116
1644	2078
1645	2114
1646	2188
1647	2219
1648	2224
1649	2188
1650	2052
1651	2157
1652	2175
1653	2054
1654	2072
1655	2083
1656	2185
1657	2140
1658	2147
1659	2077
1660	2166
1661	2024
1662	2093
1663	2140
1664	2074
1665	2151
1666	2057
1667	2145
1668	2101
1669	2075
1670	2085
1671	2191
1672	2232
1673	2124
1674	2108
1675	2172
1676	2061
1677	2092
1678	2119
1679	2076
1680	2152
1681	2018
1682	2133
1683	2122
1684	2112
1685	2073
1686	2055
1687	2170
1688	2156
1689	2195
1690	2044
1691	2115
1692	2074
1693	2107
1694	2181
1695	2155
1696	2163
1697	2014
1698	2103
1699	2113
1700	2118
1701	2099
1702	2072
1703	2118
1704	2126
1705	2108
1706	2131
1707	2124
1708	2138
1709	2178
1710	2080
1711	2141
1712	2082
1713	2030
1714	2052
1715	2134
1716	2110
1717	2138
1718	2092
1719	2096
1720	2080
1721	2161
1722	2084
1723	2153
1724	2082
1725	2106
1726	2041
1727	2204
1728	2055
1729	2085
1730	2119
1731	2088
1732	2112
1733	2147
1734	2045
1735	2069
1736	2092
1737	2135
1738	2109
1739	2111
1740	2169
1741	2133
1742	2102
1743	2082
1744	2101
1745	2205
1746	2029
1747	1971
1748	2064
1749	2038
1750	2112
1751	2116
1752	2075
1753	2087
1754	2094
1755	2170
1756	2136
1757	2140
1758	2107
1759	2080
1760	2082
1761	2056
1762	2033
1763	2062
1764	2132
1765	2102
1766	2094
1767	2203
1768	2060
1769	2110
1770	2157
1771	2086
1772	2081
1773	2086
1774	2074
1775	2057
1776	2071
1777	2096
1778	2064
1779	2066
1780	1988
1781	2063
1782	2080
1783	2106
1784	2099
1785	2115
1786	2129
1787	2055
1788	2166
1789	2108
1790	2069
1791	2224
1792	2081
1793	2118
1794	2153
1795	2102
1796	2007
1797	2101
1798	2115
1799	2145
1800	2091
1801	2112
1802	2084
1803	2024
1804	2058
1805	2062
1806	2011
1807	2112
1808	2086
1809	2016
1810	2121
1811	2059
1812	2090
1813	2045
1814	2024
1815	2122
1816	2141
1817	2091
1818	2075
1819	2124
1820	2108
1821	2175
1822	2054
1823	2092
1824	2043
1825	2097
1826	2044
1827	2119
1828	2075
1829	2048
1830	2056
1831	2079
1832	2117
1833	2093
1834	2133
1835	2073
1836	2035
1837	2179
1838	2078
1839	2052
1840	2124
1841	2036
1842	1993
1843	2064
1844	2072
1845	2069
1846	2086
1847	2040
1848	2003
1849	2112
1850	2095
1851	2069
1852	2040
1853	2024
1854	2057
1855	2073
1856	2049
1857	2041
1858	2136
1859	2089
1860	2007
1861	2086
1862	2063
1863	2030
1864	2111
1865	2034
1866	2082
1867	2012
1868	2049
1869	2031
1870	2089
1871	2044
1872	2131
1873	2117
1874	2190
1875	2131
1876	2050
1877	2111
1878	2123
1879	2084
1880	2061
1881	2079
1882	2116
1883	2052
1884	2116
1885	1982
1886	2052
1887	2036
1888	2110
1889	2062
1890	2142
1891	2034
1892	2027
1893	2094
1894	2011
1895	2038
1896	2033
1897	2161
1898	2020
1899	2071
1900	2026
1901	2056
1902	2074
1903	2080
1904	2037
1905	2032
1906	1961
1907	2085
1908	2139
1909	2020
1910	2054
1911	2029
1912	2011
1913	2080
1914	2086
1915	2093
1916	2078
1917	2047
1918	2063
1919	1941
1920	2065
1921	2022
1922	2072
1923	1984
1924	2085
1925	2004
1926	2043
1927	2076
1928	2058
1929	2006
1930	2070
1931	2017
1932	2033
1933	2094
1934	2054
1935	1987
1936	2056
1937	2053
1938	2057
1939	2025
1940	2087
1941	2028
1942	2044
1943	2069
1944	2016
1945	2024
1946	2106
1947	2077
1948	2081
1949	2089
1950	2071
1951	2014
1952	2032
1953	1943
1954	2072
1955	2008
1956	2004
1957	2009
1958	2023
1959	2018
1960	2061
1961	2069
1962	1994
1963	1946
1964	1964
1965	2029
1966	2036
1967	2043
1968	2068
1969	1910
1970	1973
1971	2014
1972	1983
1973	2013
1974	2024
1975	2006
1976	2020
1977	2070
1978	1961
1979	2069
1980	1967
1981	2041
1982	2037
1983	1971
1984	2011
1985	2006
1986	1986
1987	2068
1988	1974
1989	2009
1990	2030
1991	2006
1992	2033
1993	2035
1994	2023
1995	1992
1996	2121
1997	1976
1998	2068
1999	2065
2000	1972
2001	2019
2002	1992
2003	1949
2004	2050
2005	1974
2006	2019
2007	2022
2008	1938
2009	2053
2010	1996
2011	1969
2012	1976
2013	2020
2014	2013
2015	1975
2016	2001
2017	1983
2018	1954
2019	2055
2020	2012
2021	2003
2022	1974
2023	1957
2024	1987
2025	2008
2026	1893
2027	1973
2028	1903
2029	2017
2030	1970
2031	1909
2032	1946
2033	2030
2034	1964
2035	1998
2036	2008
2037	2003
2038	1984
2039	1973
2040	1955
2041	2060
2042	1933
2043	1957
2044	2035
2045	2012
2046	1985
2047	1903
2048	2013
2049	2000
2050	1979
2051	1978
2052	1985
2053	1974
2054	1976
2055	2037
2056	1993
2057	1983
2058	2006
2059	1954
2060	1923
2061	1951
2062	1999
2063	1960
2064	1949
2065	2003
2066	1925
2067	1910
2068	1930
2069	1936
2070	2007
2071	1960
2072	1946
2073	2032
2074	1976
2075	1932
2076	1956
2077	1924
2078	1922
2079	1969
2080	2013
2081	1926
2082	2017
2083	1911
2084	2002
2085	2011
2086	1913
2087	1876
2088	1938
2089	1876
2090	1923
2091	1889
2092	1936
2093	1855
2094	1937
2095	1973
2096	1931
2097	1938
2098	1960
2099	1886
2100	1930
2101	1861
2102	1872
2103	1977
2104	1914
2105	1895
2106	1882
2107	1929
2108	1899
2109	1866
2110	1959
2111	1854
2112	1937
2113	1860
2114	1982
2115	1923
2116	1910
2117	1905
2118	1885
2119	1934
2120	1885
2121	1989
2122	1887
2123	1917
2124	1911
2125	1869
2126	1906
2127	1850
2128	1876
2129	1946
2130	1925
2131	1819
2132	1923
2133	1837
2134	1907
2135	1827
2136	1887
2137	1796
2138	1942
2139	1897
2140	1971
2141	1978
2142	1933
2143	1990
2144	1946
2145	1972
2146	1859
2147	1893
2148	1929
2149	1927
2150	1864
2151	1918
2152	1887
2153	1858
2154	1905
2155	1874
2156	1839
2157	1861
2158	1874
2159	1869
2160	1908
2161	1858
2162	1917
2163	1838
2164	1940
2165	1863
2166	1812
2167	1926
2168	1971
2169	1844
2170	1814
2171	1851
2172	1835
2173	1890
2174	1887
2175	1887
2176	1926
2177	1854
2178	1861
2179	1976
2180	1832
2181	1834
2182	1881
2183	1899
2184	1794
2185	1909
2186	1813
2187	1864
2188	1834
2189	1871
2190	1892
2191	1845
2192	1863
2193	1900
2194	1880
2195	1817
2196	1842
2197	1824
2198	1767
2199	1833
2200	1874
2201	1909
2202	1813
2203	1837
2204	1820
2205	1922
2206	1845
2207	1861
2208	1850
2209	1845
2210	1843
2211	1936
2212	1790
2213	1816
2214	1880
2215	1823
2216	1894
2217	1828
2218	1813
2219	1856
2220	1907
2221	1872
2222	1820
2223	1876
2224	1863
2225	1819
2226	1876
2227	1848
2228	1940
2229	1927
2230	1944
2231	1941
2232	1946
2233	1995
2234	1908
2235	2011
2236	2008
2237	1942
2238	2012
2239	2037
2240	2000
2241	2041
2242	2078
2243	2084
2244	2115
2245	2246
2246	2259
2247	2163
2248	2297
2249	2333
2250	2442
2251	2393
2252	2469
2253	2536
2254	2496
2255	2627
2256	2578
2257	2762
2258	2850
2259	2904
2260	2954
2261	2904
2262	3014
2263	3044
2264	3107
2265	3178
2266	3235
2267	3368
2268	3461
2269	3492
2270	3692
2271	3757
2272	3801
2273	3892
2274	3822
2275	4028
2276	4006
2277	4028
2278	4190
2279	4287
2280	4352
2281	4160
2282	4322
2283	4449
2284	4518
2285	4645
2286	4593
2287	4555
2288	4556
2289	4572
2290	4547
2291	4645
2292	4523
2293	4580
2294	4582
2295	4523
2296	4449
2297	4424
2298	4300
2299	4361
2300	4271
2301	4264
2302	4178
2303	4236
2304	4239
2305	4131
2306	3968
2307	3874
2308	3955
2309	3790
2310	3808
2311	3681
2312	3625
2313	3467
2314	3538
2315	3508
2316	3319
2317	3277
2318	3201
2319	3094
2320	3077
2321	2950
2322	2890
2323	2808
2324	2717
2325	2704
2326	2634
2327	2593
2328	2549
2329	2427
2330	2500
2331	2351
2332	2248
2333	2315
2334	2176
2335	2174
2336	2057
2337	2038
2338	2063
2339	1965
2340	2042
2341	2057
2342	1973
2343	1958
2344	1940
2345	1960
2346	1875
2347	1846
2348	1890
2349	1771
2350	1833
2351	1986
2352	1711
2353	1660
2354	1741
2355	1734
2356	1765
2357	1778
2358	1759
2359	1749
2360	1671
2361	1700
2362	1737
2363	1723
2364	1663
2365	1667
2366	1684
2367	1685
2368	1691
2369	1730
2370	1705
2371	1699
2372	1655
2373	1705
2374	1699
2375	1678
2376	1763
2377	1713
2378	1692
2379	1633
2380	1629
2381	1628
2382	1667
2383	1658
2384	1673
2385	1650
2386	1615
2387	1647
2388	1657
2389	1668
2390	1674
2391	1749
2392	1650
2393	1573
2394	1648
2395	1590
2396	1662
2397	1603
2398	1621
2399	1656
2400	1613
2401	1677
2402	1600
2403	1662
2404	1662
2405	1660
2406	1636
2407	1606
2408	1664
2409	1669
2410	1576
2411	1690
2412	1677
2413	1565
2414	1641
2415	1637
2416	1665
2417	1570
2418	1695
2419	1532
2420	1624
2421	1694
2422	1596
2423	1614
2424	1617
2425	1535
2426	1664
2427	1689
2428	1620
2429	1590
2430	1609
2431	1608
2432	1617
2433	1547
2434	1630
2435	1631
2436	1623
2437	1608
2438	1676
2439	1664
2440	1582
2441	1703
2442	1630
2443	1601
2444	1668
2445	1705
2446	1639
2447	1701
2448	1565
2449	1730
2450	1706
2451	1703
2452	1793
2453	1768
2454	1747
2455	1732
2456	1753
2457	1727
2458	1725
2459	1846
2460	1778
2461	1865
2462	1852
2463	1877
2464	1885
2465	2018
2466	2052
2467	2056
2468	2034
2469	2060
2470	2046
2471	2216
2472	2165
2473	2064
2474	2293
2475	2307
2476	2361
2477	2302
2478	2391
2479	2482
2480	2414
2481	2473
2482	2514
2483	2466
2484	2563
2485	2593
2486	2600
2487	2632
2488	2704
2489	2751
2490	2714
2491	2829
2492	2891
2493	2870
2494	2831
2495	2886
2496	2819
2497	2929
2498	2913
2499	2799
2500	2854
2501	2862
2502	2887
2503	2896
2504	2876
2505	2929
2506	2894
2507	2912
2508	2814
2509	2806
2510	2808
2511	2739
2512	2694
2513	2657
2514	2686
2515	2605
2516	2503
2517	2520
2518	2518
2519	2512
2520	2490
2521	2425
2522	2485
2523	2276
2524	2348
2525	2231
2526	2251
2527	2240
2528	2236
2529	2213
2530	2110
2531	2005
2532	2040
2533	2048
2534	1947
2535	1929
2536	1941
2537	1864
2538	1853
2539	1787
2540	1848
2541	1766
2542	1752
2543	1711
2544	1658
2545	1698
2546	1768
2547	1691
2548	1648
2549	1645
2550	1617
2551	1602
2552	1549
2553	1572
2554	1601
2555	1490
2556	1536
2557	1569
2558	1522
2559	1542
2560	1546
2561	1501
2562	1457
2563	1478
2564	1487
2565	1447
2566	1470
2567	1439
2568	1468
2569	1522
2570	1469
2571	1473
2572	1392
2573	1379
2574	1441
2575	1447
2576	1385
2577	1440
2578	1439
2579	1391
2580	1521
2581	1424
2582	1384
2583	1419
2584	1390
2585	1434
2586	1331
2587	1384
2588	1364
2589	1434
2590	1350
2591	1381
2592	1388
2593	1381
2594	1431
2595	1385
2596	1504
2597	1396
2598	1411
2599	1464
2600	1378
2601	1400
2602	1366
2603	1351
2604	1361
2605	1413
2606	1363
2607	1410
2608	1343
2609	1338
2610	1297
2611	1384
2612	1353
2613	1364
2614	1342
2615	1369
2616	1425
2617	1371
2618	1340
2619	1379
2620	1368
2621	1452
2622	1412
2623	1354
2624	1372
2625	1432
2626	1389
2627	1334
2628	1334
2629	1397
2630	1330
2631	1358
2632	1382
2633	1289
2634	1403
2635	1336
2636	1320
2637	1315
2638	1307
2639	1299
2640	1361
2641	1365
2642	1330
2643	1324
2644	1402
2645	1323
2646	1266
2647	1395
2648	1290
2649	1314
2650	1329
2651	1337
2652	1305
2653	1264
2654	1323
2655	1341
2656	1285
2657	1393
2658	1310
2659	1304
2660	1270
2661	1292
2662	1290
2663	1294
2664	1290
2665	1288
2666	1274
2667	1257
2668	1298
2669	1268
2670	1354
2671	1223
2672	1294
2673	1211
2674	1304
2675	1245
2676	1305
2677	1275
2678	1255
2679	1272
2680	1222
2681	1229
2682	1279
2683	1342
2684	1270
2685	1274
2686	1329
2687	1253
2688	1228
2689	1310
2690	1279
2691	1219
2692	1277
2693	1260
2694	1275
2695	1254
2696	1249
2697	1151
2698	1294
2699	1186
2700	1247
2701	1270
2702	1263
2703	1273
2704	1223
2705	1253
2706	1179
2707	1245
2708	1218
2709	1274
2710	1239
2711	1213
2712	1248
2713	1203
2714	1254
2715	1281
2716	1180
2717	1237
2718	1179
2719	1220
2720	1205
2721	1264
2722	1246
2723	1252
2724	1193
2725	1186
2726	1230
2727	1247
2728	1220
2729	1262
2730	1183
2731	1189
2732	1218
2733	1115
2734	1198
2735	1154
2736	1187
2737	1179
2738	1190
2739	1172
2740	1206
2741	1186
2742	1205
2743	1187
2744	1168
2745	1213
2746	1166
2747	1133
2748	1196
2749	1147
2750	1128
2751	1186
2752	1179
2753	1182
2754	1152
2755	1208
2756	1191
2757	1211
2758	1130
2759	1138
2760	1147
2761	1190
2762	1173
2763	1230
2764	1144
2765	1206
2766	1194
2767	1161
2768	1121
2769	1178
2770	1164
2771	1081
2772	1149
2773	1154
2774	1151
2775	1125
2776	1071
2777	1117
2778	1103
2779	1208
2780	1139
2781	1097
2782	1095
2783	1102
2784	1154
2785	1105
2786	1092
2787	1102
2788	1099
2789	1136
2790	1129
2791	1127
2792	1093
2793	1097
2794	1063
2795	1114
2796	1107
2797	1063
2798	1127
2799	1068
2800	1106
2801	1049
2802	1099
2803	1142
2804	1108
2805	1102
2806	1084
2807	1053
2808	1106
2809	1077
2810	1044
2811	1105
2812	1115
2813	1134
2814	1062
2815	1112
2816	1101
2817	1066
2818	1086
2819	1080
2820	1082
2821	1043
2822	1107
2823	1081
2824	1029
2825	1116
2826	1021
2827	1067
2828	1057
2829	1035
2830	1082
2831	1115
2832	1066
2833	1031
2834	1061
2835	1093
2836	1061
2837	1070
2838	1047
2839	1040
2840	1060
2841	1069
2842	1021
2843	988
2844	998
2845	1016
2846	1041
2847	1024
2848	1020
2849	1057
2850	970
2851	1076
2852	999
2853	1046
2854	1073
2855	1067
2856	1043
2857	1072
2858	1060
2859	997
2860	1042
2861	1041
2862	1042
2863	1107
2864	947
2865	1008
2866	990
2867	1060
2868	1024
2869	935
2870	990
2871	961
2872	980
2873	967
2874	980
2875	979
2876	1021
2877	1016
2878	948
2879	956
2880	979
2881	1046
2882	994
2883	919
2884	1008
2885	938
2886	982
2887	1007
2888	986
2889	987
2890	995
2891	973
2892	977
2893	952
2894	937
2895	911
2896	1024
2897	1013
2898	1023
2899	972
2900	965
2901	930
2902	939
2903	977
2904	970
2905	986
2906	945
2907	937
2908	952
2909	964
2910	954
2911	941
2912	965
2913	971
2914	918
2915	930
2916	953
2917	855
2918	963
2919	922
2920	914
2921	906
2922	970
2923	909
2924	950
2925	873
2926	911
2927	861
2928	938
2929	883
2930	922
2931	909
2932	907
2933	907
2934	950
2935	969
2936	915
2937	961
2938	939
2939	883
2940	897
2941	899
2942	937
2943	912
2944	870
2945	875
2946	872
2947	887
2948	901
2949	927
2950	923
2951	912
2952	911
2953	870
2954	926
2955	817
2956	886
2957	923
2958	886
2959	867
2960	900
2961	911
2962	813
2963	889
2964	871
2965	912
2966	897
2967	880
2968	891
2969	821
2970	834
2971	887
2972	851
2973	950
2974	840
2975	871
2976	885
2977	828
2978	820
2979	881
2980	877
2981	879
2982	867
2983	815
2984	827
2985	867
2986	852
2987	818
2988	816
2989	858
2990	799
2991	823
2992	833
2993	856
2994	855
2995	853
2996	836
2997	801
2998	763
2999	793
3000	861
3001	824
3002	764
3003	877
3004	797
3005	808
3006	786
3007	777
3008	769
3009	802
3010	809
3011	798
3012	825
3013	792
3014	792
3015	827
3016	789
3017	864
3018	776
3019	775
3020	795
3021	805
3022	884
3023	787
3024	811
3025	766
3026	795
3027	807
3028	821
3029	783
3030	765
3031	741
3032	765
3033	806
3034	769
3035	733
3036	725
3037	800
3038	788
3039	787
3040	779
3041	720
3042	719
3043	743
3044	809
3045	773
3046	796
3047	790
3048	774
3049	761
3050	804
3051	729
3052	753
3053	740
3054	712
3055	811
3056	778
3057	735
3058	730
3059	697
3060	722
3061	720
3062	724
3063	759
3064	695
3065	694
3066	731
3067	705
3068	750
3069	695
3070	736
3071	711
3072	747
3073	670
3074	658
3075	711
3076	741
3077	734
3078	710
3079	717
3080	707
3081	681
3082	728
3083	743
3084	717
3085	700
3086	714
3087	685
3088	734
3089	715
3090	723
3091	673
3092	665
3093	675
3094	718
3095	697
3096	706
3097	713
3098	664
3099	661
3100	693
3101	701
3102	635
3103	701
3104	678
3105	660
3106	681
3107	679
3108	703
3109	686
3110	713
3111	689
3112	688
3113	651
3114	712
3115	673
3116	620
3117	646
3118	657
3119	663
3120	661
3121	669
3122	668
3123	696
3124	655
3125	640
3126	644
3127	640
3128	640
3129	679
3130	598
3131	608
3132	633
3133	668
3134	639
3135	672
3136	628
3137	606
3138	651
3139	636
3140	620
3141	645
3142	642
3143	610
3144	610
3145	645
3146	630
3147	625
3148	606
3149	594
3150	634
3151	575
3152	571
3153	615
3154	611
3155	582
3156	617
3157	584
3158	549
3159	585
3160	608
3161	584
3162	583
3163	564
3164	625
3165	579
3166	633
3167	613
3168	582
3169	584
3170	573
3171	553
3172	595
3173	549
3174	573
3175	580
3176	557
3177	602
3178	589
3179	582
3180	539
3181	585
3182	556
3183	604
3184	528
3185	575
3186	562
3187	545
3188	519
3189	586
3190	583
3191	580
3192	535
3193	546
3194	586
3195	559
3196	553
3197	549
3198	533
3199	563
3200	515
3201	540
3202	572
3203	542
3204	530
3205	519
3206	506
3207	523
3208	555
3209	508
3210	510
3211	528
3212	494
3213	539
3214	520
3215	516
3216	474
3217	487
3218	521
3219	522
3220	517
3221	518
3222	479
3223	577
3224	544
3225	545
3226	491
3227	514
3228	488
3229	516
3230	505
3231	517
3232	457
3233	492
3234	491
3235	472
3236	508
3237	481
3238	486
3239	481
3240	495
3241	447
3242	472
3243	415
3244	476
3245	462
3246	427
3247	486
3248	456
3249	483
3250	477
3251	474
3252	455
3253	437
3254	444
3255	444
3256	513
3257	476
3258	487
3259	461
3260	439
3261	442
3262	459
3263	447
3264	445
3265	491
3266	443
3267	469
3268	525
3269	435
3270	446
3271	443
3272	448
3273	426
3274	485
3275	437
3276	473
3277	431
3278	458
3279	447
3280	418
3281	445
3282	431
3283	443
3284	446
3285	433
3286	419
3287	418
3288	438
3289	453
3290	430
3291	421
3292	448
3293	434
3294	407
3295	448
3296	426
3297	417
3298	403
3299	394
3300	391
3301	408
3302	372
3303	380
3304	418
3305	395
3306	396
3307	428
3308	377
3309	426
3310	427
3311	368
3312	402
3313	406
3314	403
3315	386
3316	392
3317	370
3318	362
3319	383
3320	402
3321	339
3322	386
3323	364
3324	378
3325	373
3326	376
3327	407
3328	382
3329	365
3330	399
3331	365
3332	348
3333	371
3334	376
3335	336
3336	384
3337	369
3338	347
3339	342
3340	378
3341	373
3342	354
3343	368
3344	365
3345	359
3346	364
3347	366
3348	329
3349	335
3350	347
3351	342
3352	360
3353	353
3354	338
3355	324
3356	345
3357	332
3358	333
3359	331
3360	294
3361	358
3362	345
3363	335
3364	334
3365	303
3366	357
3367	314
3368	342
3369	348
3370	345
3371	341
3372	334
3373	311
3374	301
3375	314
3376	308
3377	297
3378	333
3379	310
3380	257
3381	303
3382	274
3383	306
3384	299
3385	291
3386	270
3387	292
3388	325
3389	318
3390	299
3391	287
3392	298
3393	299
3394	316
3395	295
3396	322
3397	326
3398	288
3399	278
3400	271
3401	299
3402	311
3403	288
3404	285
3405	292
3406	289
3407	275
3408	274
3409	274
3410	258
3411	271
3412	305
3413	285
3414	307
3415	299
3416	281
3417	252
3418	253
3419	278
3420	285
3421	278
3422	285
3423	307
3424	246
3425	285
3426	262
3427	280
3428	243
3429	261
3430	251
3431	240
3432	258
3433	260
3434	295
3435	273
3436	241
3437	245
3438	258
3439	264
3440	240
3441	259
3442	225
3443	278
3444	239
3445	232
3446	238
3447	255
3448	247
3449	248
3450	224
3451	245
3452	225
3453	243
3454	247
3455	228
3456	229
3457	240
3458	203
3459	249
3460	250
3461	227
3462	212
3463	239
3464	217
3465	229
3466	252
3467	231
3468	235
3469	234
3470	224
3471	228
3472	232
3473	204
3474	198
3475	210
3476	223
3477	197
3478	219
3479	230
3480	187
3481	210
3482	189
3483	194
3484	198
3485	219
3486	185
3487	217
3488	210
3489	221
3490	165
3491	191
3492	187
3493	169
3494	226
3495	178
3496	180
3497	189
3498	172
3499	205
3500	182
3501	186
3502	203
3503	184
3504	191
3505	187
3506	196
3507	189
3508	183
3509	190
3510	205
3511	172
3512	171
3513	154
3514	199
3515	190
3516	161
3517	194
3518	168
3519	170
3520	165
3521	142
3522	168
3523	185
3524	176
3525	176
3526	154
3527	166
3528	147
3529	159
3530	170
3531	158
3532	194
3533	169
3534	149
3535	166
3536	153
3537	158
3538	163
3539	168
3540	160
3541	163
3542	176
3543	166
3544	162
3545	154
3546	144
3547	140
3548	154
3549	150
3550	134
3551	144
3552	146
3553	129
3554	115
3555	147
3556	144
3557	148
3558	143
3559	144
3560	150
3561	122
3562	121
3563	155
3564	145
3565	143
3566	133
3567	124
3568	147
3569	134
3570	122
3571	134
3572	124
3573	129
3574	140
3575	129
3576	146
3577	114
3578	115
3579	125
3580	120
3581	126
3582	118
3583	120
3584	108
3585	123
3586	136
3587	118
3588	119
3589	118
3590	110
3591	108
3592	95
3593	107
3594	118
3595	111
3596	102
3597	95
3598	110
3599	98
3600	113
3601	114
3602	110
3603	110
3604	107
3605	89
3606	108
3607	105
3608	83
3609	94
3610	111
3611	81
3612	90
3613	102
3614	95
3615	99
3616	76
3617	76
3618	101
3619	112
3620	99
3621	91
3622	89
3623	113
3624	100
3625	87
3626	76
3627	73
3628	99
3629	92
3630	66
3631	97
3632	90
3633	82
3634	82
3635	80
3636	83
3637	84
3638	89
3639	80
3640	80
3641	75
3642	73
3643	86
3644	72
3645	83
3646	69
3647	73
3648	89
3649	76
3650	75
3651	72
3652	63
3653	55
3654	75
3655	75
3656	62
3657	52
3658	77
3659	55
3660	54
3661	58
3662	71
3663	65
3664	66
3665	62
3666	69
3667	73
3668	57
3669	50
3670	60
3671	55
3672	61
3673	51
3674	68
3675	57
3676	47
3677	48
3678	65
3679	52
3680	60
3681	36
3682	63
3683	62
3684	50
3685	45
3686	59
3687	41
3688	45
3689	57
3690	46
3691	49
3692	49
3693	47
3694	58
3695	48
3696	42
3697	32
3698	56
3699	47
3700	50
3701	47
3702	50
3703	42
3704	40
3705	26
3706	36
3707	33
3708	33
3709	35
3710	47
3711	37
3712	32
3713	35
3714	39
3715	42
3716	32
3717	34
3718	31
3719	34
3720	40
3721	29
3722	26
3723	32
3724	27
3725	29
3726	32
3727	38
3728	31
3729	19
3730	27
3731	20
3732	34
3733	23
3734	31
3735	22
3736	32
3737	21
3738	16
3739	19
3740	25
3741	25
3742	21
3743	21
3744	24
3745	25
3746	30
3747	31
3748	34
3749	19
3750	25
3751	18
3752	21
3753	25
3754	24
3755	17
3756	23
3757	20
3758	24
3759	17
3760	15
3761	16
3762	20
3763	22
3764	17
3765	16
3766	12
3767	13
3768	13
3769	12
3770	10
3771	11
3772	12
3773	16
3774	14
3775	22
3776	13
3777	14
3778	8
3779	19
3780	16
3781	15
3782	5
3783	9
3784	6
3785	7
3786	16
3787	12
3788	13
3789	10
3790	8
3791	7
3792	12
3793	9
3794	8
3795	11
3796	9
3797	9
3798	12
3799	11
3800	2
3801	6
3802	3
3803	6
3804	7
3805	7
3806	2
3807	7
3808	10
3809	3
3810	1
3811	2
3812	2
3813	3
3814	7
3815	4
3816	0
3817	8
3818	7
3819	6
3820	5
3821	5
3822	5
3823	5
3824	3
3825	2
3826	4
3827	2
3828	5
3829	1
3830	0
3831	3
3832	0
3833	4
3834	4
3835	1
3836	2
3837	2
3838	0
3839	2
3840	0
3841	2
3842	2
3843	1
3844	1
3845	0
3846	1
3847	0
3848	1
3849	0
3850	1
3851	0
3852	0
3853	0
3854	0
3855	0
3856	0
3857	0
3858	0
3859	0
3860	0
3861	0
3862	0
3863	1
3864	0
3865	0
3866	0
3867	0
3868	0
3869	0
3870	0
3871	0
3872	0
3873	0
3874	0
3875	0
3876	0
3877	0
3878	0
3879	0
3880	0
3881	0
3882	0
3883	0
3884	0
3885	0
3886	0
3887	0
3888	0
3889	0
3890	0
3891	0
3892	0
3893	0
3894	0
3895	0
3896	0
3897	0
3898	0
3899	0
3900	0
3901	0
3902	0
3903	0
3904	0
3905	0
3906	0
3907	0
3908	0
3909	0
3910	0
3911	0
3912	0
3913	0
3914	0
3915	0
3916	0
3917	0
3918	0
3919	0
3920	0
3921	0
3922	0
3923	0
3924	0
3925	0
3926	0
3927	0
3928	0
3929	0
3930	0
3931	0
3932	0
3933	0
3934	0
3935	0
3936	0
3937	0
3938	0
3939	0
3940	0
3941	0
3942	0
3943	0
3944	0
3945	0
3946	0
3947	0
3948	0
3949	0
3950	0
3951	0
3952	0
3953	0
3954	0
3955	0
3956	0
3957	0
3958	0
3959	0
3960	0
3961	0
3962	0
3963	0
3964	0
3965	0
3966	0
3967	0
3968	0
3969	0
3970	0
3971	0
3972	0
3973	0
3974	0
3975	0
3976	0
3977	0
3978	0
3979	0
3980	0
3981	0
3982	0
3983	0
3984	0
3985	0
3986	0
3987	0
3988	0
3989	0
3990	0
3991	0
3992	0
3993	0
3994	0
3995	0
3996	0
3997	0
3998	0
3999	0
4000	0
4001	0
4002	0
4003	0
4004	0
4005	0
4006	0
4007	0
4008	0
4009	0
4010	0
4011	0
4012	0
4013	0
4014	0
4015	0
4016	0
4017	0
4018	0
4019	0
4020	0
4021	0
4022	0
4023	0
4024	0
4025	0
4026	0
4027	0
4028	0
4029	0
4030	0
4031	0
4032	0
4033	0
4034	0
4035	0
4036	0
4037	0
4038	0
4039	0
4040	0
4041	0
4042	0
4043	0
4044	0
4045	0
4046	0
4047	0
4048	0
4049	0
4050	0
4051	0
4052	0
4053	0
4054	0
4055	0
4056	0
4057	0
4058	0
4059	0
4060	0
4061	0
4062	0
4063	0
4064	0
4065	0
4066	0
4067	0
4068	0
4069	0
4070	0
4071	0
4072	0
4073	0
4074	0
4075	0
4076	0
4077	0
4078	0
4079	0
4080	0
4081	0
4082	0
4083	0
4084	0
4085	0
4086	0
4087	0
4088	0
4089	0
4090	0
4091	0
4092	0
4093	0
4094	0
4095	0
4096	0
4097	0
4098	0
4099	0
4100	0
4101	0
4102	0
4103	0
4104	0
4105	0
4106	0
4107	0
4108	0
4109	0
4110	0
4111	0
4112	0
4113	0
4114	0
4115	0
4116	0
4117	0
4118	0
4119	0
4120	0
4121	0
4122	0
4123	0
4124	0
4125	0
4126	0
4127	0
4128	0
4129	0
4130	0
4131	0
4132	0
4133	0
4134	0
4135	0
4136	0
4137	0
4138	0
4139	0
4140	0
4141	0
4142	0
4143	0
4144	0
4145	0
4146	0
4147	0
4148	0
4149	0
4150	0
4151	0
4152	0
4153	0
4154	0
4155	0
4156	0
4157	0
4158	0
4159	0
4160	0
4161	0
4162	0
4163	0
4164	0
4165	0
4166	0
4167	0
4168	0
4169	0
4170	0
4171	0
4172	0
4173	0
4174	0
4175	0
4176	0
4177	0
4178	0
4179	0
4180	0
4181	0
4182	0
4183	0
4184	0
4185	0
4186	0
4187	0
4188	0
4189	0
4190	0
4191	0
4192	0
4193	0
4194	0
4195	0
4196	0
4197	0
4198	0
4199	0
4200	0
4201	0
4202	0
4203	0
4204	0
4205	0
4206	0
4207	0
4208	0
4209	0
4210	0
4211	0
4212	0
4213	0
4214	0
4215	0
4216	0
4217	0
4218	0
4219	0
4220	0
4221	0
4222	0
4223	0
4224	0
4225	0
4226	0
4227	0
4228	0
4229	0
4230	0
4231	0
4232	0
4233	0
4234	0
4235	0
4236	0
4237	0
4238	0
4239	0
4240	0
4241	0
4242	0
4243	0
4244	0
4245	0
4246	0
4247	0
4248	0
4249	0
4250	0
4251	0
4252	0
4253	0
4254	0
4255	0
4256	0
4257	0
4258	0
4259	0
4260	0
4261	0
4262	0
4263	0
4264	0
4265	0
4266	0
4267	0
4268	0
4269	0
4270	0
4271	0
4272	0
4273	0
4274	0
4275	0
4276	0
4277	0
4278	0
4279	0
4280	0
4281	0
4282	0
4283	0
4284	0
4285	0
4286	0
4287	0
4288	0
4289	0
4290	0
4291	0
4292	0
4293	0
4294	0
4295	0
4296	0
4297	0
4298	0
4299	0
4300	0
4301	0
4302	0
4303	0
4304	0
4305	0
4306	0
4307	0
4308	0
4309	0
4310	0
4311	0
4312	0
4313	0
4314	0
4315	0
4316	0
4317	0
4318	0
4319	0
4320	0
4321	0
4322	0
4323	0
4324	0
4325	0
4326	0
4327	0
4328	0
4329	0
4330	0
4331	0
4332	0
4333	0
4334	0
4335	0
4336	0
4337	0
4338	0
4339	0
4340	0
4341	0
4342	0
4343	0
4344	0
4345	0
4346	0
4347	0
4348	0
4349	0
4350	0
4351	0
4352	0
4353	0
4354	0
4355	0
4356	0
4357	0
4358	0
4359	0
4360	0
4361	0
4362	0
4363	0
4364	0
4365	0
4366	0
4367	0
4368	0
4369	0
4370	0
4371	0
4372	0
4373	0
4374	0
4375	0
4376	0
4377	0
4378	0
4379	0
4380	0
4381	0
4382	0
4383	0
4384	0
4385	0
4386	0
4387	0
4388	0
4389	0
4390	0
4391	0
4392	0
4393	0
4394	0
4395	0
4396	0
4397	0
4398	0
4399	0
4400	0
4401	0
4402	0
4403	0
4404	0
4405	0
4406	0
4407	0
4408	0
4409	0
4410	0
4411	0
4412	0
4413	0
4414	0
4415	0
4416	0
4417	0
4418	0
4419	0
4420	0
4421	0
4422	0
4423	0
4424	0
4425	0
4426	0
4427	0
4428	0
4429	0
4430	0
4431	0
4432	0
4433	0
4434	0
4435	0
4436	0
4437	0
4438	0
4439	0
4440	0
4441	0
4442	0
4443	0
4444	0
4445	0
4446	0
4447	0
4448	0
4449	0
4450	0
4451	0
4452	0
4453	0
4454	0
4455	0
4456	0
4457	0
4458	0
4459	0
4460	0
4461	0
4462	0
4463	0
4464	0
4465	0
4466	0
4467	0
4468	0
4469	0
4470	0
4471	0
4472	0
4473	0
4474	0
4475	0
4476	0
4477	0
4478	0
4479	0
4480	0
4481	0
4482	0
4483	0
4484	0
4485	0
4486	0
4487	0
4488	0
4489	0
4490	0
4491	0
4492	0
4493	0
4494	0
4495	0
4496	0
4497	0
4498	0
4499	0
4500	0
4501	0
4502	0
4503	0
4504	0
4505	0
4506	0
4507	0
4508	0
4509	0
4510	0
4511	0
4512	0
4513	0
4514	0
4515	0
4516	0
4517	0
4518	0
4519	0
4520	0
4521	0
4522	0
4523	0
4524	0
4525	0
4526	0
4527	0
4528	0
4529	0
4530	0
4531	0
4532	0
4533	0
4534	0
4535	0
4536	0
4537	0
4538	0
4539	0
4540	0
4541	0
4542	0
4543	0
4544	0
4545	0
4546	0
4547	0
4548	0
4549	0
4550	0
4551	0
4552	0
4553	0
4554	0
4555	0
4556	0
4557	0
4558	0
4559	0
4560	0
4561	0
4562	0
4563	0
4564	0
4565	0
4566	0
4567	0
4568	0
4569	0
4570	0
4571	0
4572	0
4573	0
4574	0
4575	0
4576	0
4577	0
4578	0
4579	0
4580	0
4581	0
4582	0
4583	0
4584	0
4585	0
4586	0
4587	0
4588	0
4589	0
4590	0
4591	0
4592	0
4593	0
4594	0
4595	0
4596	0
4597	0
4598	0
4599	0
4600	0
4601	0
4602	0
4603	0
4604	0
4605	0
4606	0
4607	0
4608	0
4609	0
4610	0
4611	0
4612	0
4613	0
4614	0
4615	0
4616	0
4617	0
4618	0
4619	0
4620	0
4621	0
4622	0
4623	0
4624	0
4625	0
4626	0
4627	0
4628	0
4629	0
4630	0
4631	0
4632	0
4633	0
4634	0
4635	0
4636	0
4637	0
4638	0
4639	0
4640	0
4641	0
4642	0
4643	0
4644	0
4645	0
4646	0
4647	0
4648	0
4649	0
4650	0
4651	0
4652	0
4653	0
4654	0
4655	0
4656	0
4657	0
4658	0
4659	0
4660	0
4661	0
4662	0
4663	0
4664	0
4665	0
4666	0
4667	0
4668	0
4669	0
4670	0
4671	0
4672	0
4673	0
4674	0
4675	0
4676	0
4677	0
4678	0
4679	0
4680	0
4681	0
4682	0
4683	0
4684	0
4685	0
4686	0
4687	0
4688	0
4689	0
4690	0
4691	0
4692	0
4693	0
4694	0
4695	0
4696	0
4697	0
4698	0
4699	0
4700	0
4701	0
4702	0
4703	0
4704	0
4705	0
4706	0
4707	0
4708	0
4709	0
4710	0
4711	0
4712	0
4713	0
4714	0
4715	0
4716	0
4717	0
4718	0
4719	0
4720	0
4721	0
4722	0
4723	0
4724	0
4725	0
4726	0
4727	0
4728	0
4729	0
4730	0
4731	0
4732	0
4733	0
4734	0
4735	0
4736	0
4737	0
4738	0
4739	0
4740	0
4741	0
4742	0
4743	0
4744	0
4745	0
4746	0
4747	0
4748	0
4749	0
4750	0
4751	0
4752	0
4753	0
4754	1
4755	1
4756	1
4757	0
4758	1
4759	1
4760	0
4761	0
4762	1
4763	4
4764	2
4765	4
4766	1
4767	2
4768	0
4769	5
4770	4
4771	2
4772	6
4773	6
4774	9
4775	1
4776	13
4777	7
4778	21
4779	17
4780	14
4781	20
4782	23
4783	25
4784	27
4785	37
4786	31
4787	38
4788	60
4789	52
4790	53
4791	59
4792	88
4793	105
4794	92
4795	112
4796	103
4797	132
4798	160
4799	167
4800	188
4801	227
4802	219
4803	266
4804	258
4805	293
4806	303
4807	387
4808	372
4809	393
4810	455
4811	504
4812	562
4813	642
4814	650
4815	698
4816	725
4817	818
4818	829
4819	883
4820	967
4821	1004
4822	1115
4823	1160
4824	1198
4825	1238
4826	1278
4827	1451
4828	1508
4829	1602
4830	1611
4831	1687
4832	1784
4833	1832
4834	1967
4835	1962
4836	2190
4837	2151
4838	2247
4839	2261
4840	2303
4841	2360
4842	2398
4843	2540
4844	2569
4845	2607
4846	2629
4847	2703
4848	2739
4849	2722
4850	2728
4851	2744
4852	2770
4853	2906
4854	2756
4855	2803
4856	2802
4857	2786
4858	2743
4859	2769
4860	2673
4861	2771
4862	2647
4863	2513
4864	2632
4865	2520
4866	2421
4867	2321
4868	2374
4869	2333
4870	2138
4871	2109
4872	2072
4873	1942
4874	1814
4875	1834
4876	1796
4877	1725
4878	1597
4879	1506
4880	1421
4881	1419
4882	1334
4883	1298
4884	1226
4885	1156
4886	1079
4887	951
4888	939
4889	841
4890	818
4891	777
4892	691
4893	701
4894	646
4895	597
4896	514
4897	482
4898	460
4899	417
4900	355
4901	342
4902	307
4903	297
4904	288
4905	236
4906	209
4907	193
4908	160
4909	164
4910	144
4911	135
4912	98
4913	122
4914	105
4915	78
4916	77
4917	65
4918	58
4919	52
4920	46
4921	44
4922	42
4923	25
4924	26
4925	28
4926	24
4927	23
4928	15
4929	17
4930	16
4931	10
4932	12
4933	9
4934	10
4935	7
4936	4
4937	1
4938	2
4939	3
4940	0
4941	5
4942	1
4943	3
4944	1
4945	0
4946	0
4947	0
4948	2
4949	1
4950	1
4951	1
4952	2
4953	1
4954	0
4955	1
4956	0
4957	0
4958	0
4959	0
4960	0
4961	0
4962	0
4963	0
4964	1
4965	1
4966	0
4967	0
4968	0
4969	1
4970	0
4971	1
4972	1
4973	1
4974	1
4975	1
4976	0
4977	2
4978	1
4979	2
4980	0
4981	2
4982	4
4983	4
4984	2
4985	7
4986	5
4987	5
4988	7
4989	4
4990	8
4991	7
4992	12
4993	16
4994	14
4995	10
4996	15
4997	15
4998	19
4999	27
5000	40
5001	43
5002	25
5003	45
5004	52
5005	52
5006	56
5007	62
5008	72
5009	83
5010	80
5011	89
5012	127
5013	125
5014	121
5015	136
5016	160
5017	180
5018	199
5019	216
5020	217
5021	245
5022	262
5023	279
5024	312
5025	329
5026	370
5027	426
5028	422
5029	406
5030	467
5031	498
5032	538
5033	557
5034	589
5035	638
5036	622
5037	727
5038	681
5039	765
5040	829
5041	839
5042	872
5043	882
5044	950
5045	961
5046	963
5047	1052
5048	1063
5049	1117
5050	1133
5051	1194
5052	1186
5053	1219
5054	1232
5055	1247
5056	1335
5057	1256
5058	1355
5059	1304
5060	1377
5061	1454
5062	1377
5063	1409
5064	1361
5065	1367
5066	1325
5067	1384
5068	1408
5069	1322
5070	1327
5071	1264
5072	1288
5073	1277
5074	1212
5075	1174
5076	1215
5077	1237
5078	1160
5079	1109
5080	1053
5081	1027
5082	973
5083	983
5084	941
5085	893
5086	896
5087	839
5088	794
5089	742
5090	739
5091	686
5092	674
5093	611
5094	599
5095	551
5096	511
5097	540
5098	433
5099	435
5100	380
5101	382
5102	359
5103	312
5104	346
5105	288
5106	273
5107	248
5108	221
5109	199
5110	178
5111	172
5112	157
5113	127
5114	134
5115	126
5116	112
5117	89
5118	95
5119	77
5120	62
5121	55
5122	65
5123	44
5124	46
5125	45
5126	31
5127	33
5128	21
5129	21
5130	21
5131	24
5132	15
5133	12
5134	9
5135	13
5136	11
5137	8
5138	10
5139	2
5140	10
5141	2
5142	5
5143	1
5144	1
5145	2
5146	0
5147	4
5148	2
5149	0
5150	0
5151	1
5152	1
5153	1
5154	1
5155	0
5156	0
5157	0
5158	0
5159	1
5160	0
5161	1
5162	0
5163	0
5164	0
5165	1
5166	0
5167	0
5168	1
5169	0
5170	0
5171	0
5172	0
5173	0
5174	0
5175	0
5176	0
5177	0
5178	0
5179	0
5180	0
5181	0
5182	0
5183	0
5184	0
5185	0
5186	0
5187	0
5188	0
5189	0
5190	0
5191	0
5192	0
5193	0
5194	0
5195	0
5196	0
5197	0
5198	0
5199	0
5200	0
5201	0
5202	0
5203	0
5204	0
5205	0
5206	0
5207	0
5208	0
5209	0
5210	0
5211	0
5212	0
5213	0
5214	0
5215	0
5216	0
5217	0
5218	0
5219	0
5220	0
5221	0
5222	0
5223	0
5224	0
5225	0
5226	0
5227	0
5228	0
5229	0
5230	0
5231	0
5232	0
5233	0
5234	0
5235	0
5236	0
5237	0
5238	0
5239	0
5240	0
5241	0
5242	0
5243	0
5244	0
5245	0
5246	0
5247	0
5248	0
5249	0
5250	0
5251	0
5252	0
5253	0
5254	0
5255	0
5256	0
5257	0
5258	0
5259	0
5260	0
5261	0
5262	0
5263	0
5264	0
5265	0
5266	0
5267	0
5268	0
5269	0
5270	0
5271	0
5272	0
5273	0
5274	0
5275	0
5276	0
5277	0
5278	0
5279	0
5280	0
5281	0
5282	0
5283	0
5284	0
5285	0
5286	0
5287	0
5288	0
5289	0
5290	0
5291	0
5292	0
5293	0
5294	0
5295	0
5296	0
5297	0
5298	0
5299	0
5300	0
5301	0
5302	0
5303	0
5304	0
5305	0
5306	0
5307	0
5308	0
5309	0
5310	0
5311	0
5312	0
5313	0
5314	0
5315	0
5316	0
5317	0
5318	0
5319	0
5320	0
5321	0
5322	0
5323	0
5324	0
5325	0
5326	0
5327	0
5328	0
5329	0
5330	0
5331	0
5332	0
5333	0
5334	0
5335	0
5336	0
5337	0
5338	0
5339	0
5340	0
5341	0
5342	0
5343	0
5344	0
5345	0
5346	0
5347	0
5348	0
5349	0
5350	0
5351	0
5352	0
5353	0
5354	0
5355	0
5356	0
5357	0
5358	0
5359	0
5360	0
5361	0
5362	0
5363	0
5364	0
5365	0
5366	0
5367	0
5368	0
5369	0
5370	0
5371	0
5372	0
5373	0
5374	0
5375	0
5376	0
5377	0
5378	0
5379	0
5380	0
5381	0
5382	0
5383	0
5384	0
5385	0
5386	0
5387	0
5388	0
5389	0
5390	0
5391	0
5392	0
5393	0
5394	0
5395	0
5396	0
5397	0
5398	0
5399	0
5400	0
5401	0
5402	0
5403	0
5404	0
5405	0
5406	0
5407	0
5408	0
5409	0
5410	0
5411	0
5412	0
5413	0
5414	0
5415	0
5416	0
5417	0
5418	0
5419	0
5420	0
5421	0
5422	0
5423	0
5424	0
5425	0
5426	0
5427	0
5428	0
5429	0
5430	0
5431	0
5432	0
5433	0
5434	0
5435	0
5436	0
5437	0
5438	0
5439	0
5440	0
5441	0
5442	0
5443	0
5444	0
5445	0
5446	0
5447	0
5448	0
5449	0
5450	0
5451	0
5452	0
5453	0
5454	0
5455	0
5456	0
5457	0
5458	0
5459	0
5460	0
5461	0
5462	0
5463	0
5464	0
5465	0
5466	0
5467	0
5468	0
5469	0
5470	0
5471	0
5472	0
5473	0
5474	0
5475	0
5476	0
5477	0
5478	0
5479	0
5480	0
5481	0
5482	0
5483	0
5484	0
5485	0
5486	0
5487	0
5488	0
5489	0
5490	0
5491	0
5492	0
5493	0
5494	0
5495	0
5496	0
5497	0
5498	0
5499	0
5500	0
5501	0
5502	0
5503	0
5504	0
5505	0
5506	0
5507	0
5508	0
5509	0
5510	0
5511	0
5512	0
5513	0
5514	0
5515	0
5516	0
5517	0
5518	0
5519	0
5520	0
5521	0
5522	0
5523	0
5524	0
5525	0
5526	0
5527	0
5528	0
5529	0
5530	0
5531	0
5532	0
5533	0
5534	0
5535	0
5536	0
5537	0
5538	0
5539	0
5540	0
5541	0
5542	0
5543	0
5544	0
5545	0
5546	0
5547	0
5548	0
5549	0
5550	0
5551	0
5552	0
5553	0
5554	0
5555	0
5556	0
5557	0
5558	0
5559	0
5560	0
5561	0
5562	0
5563	0
5564	0
5565	0
5566	0
5567	0
5568	0
5569	0
5570	0
5571	0
5572	0
5573	0
5574	0
5575	0
5576	0
5577	0
5578	0
5579	0
5580	0
5581	0
5582	0
5583	0
5584	0
5585	0
5586	0
5587	0
5588	0
5589	0
5590	0
5591	0
5592	0
5593	0
5594	0
5595	0
5596	0
5597	0
5598	0
5599	0
5600	0
5601	0
5602	0
5603	0
5604	0
5605	0
5606	0
5607	0
5608	0
5609	0
5610	0
5611	0
5612	0
5613	0
5614	0
5615	0
5616	0
5617	0
5618	0
5619	0
5620	0
5621	0
5622	0
5623	0
5624	0
5625	0
5626	0
5627	0
5628	0
5629	0
5630	0
5631	0
5632	0
5633	0
5634	0
5635	0
5636	0
5637	0
5638	0
5639	0
5640	0
5641	0
5642	0
5643	0
5644	0
5645	0
5646	0
5647	0
5648	0
5649	0
5650	0
5651	0
5652	0
5653	0
5654	0
5655	0
5656	0
5657	0
5658	0
5659	0
5660	0
5661	0
5662	0
5663	0
5664	0
5665	0
5666	0
5667	0
5668	0
5669	0
5670	0
5671	0
5672	0
5673	0
5674	0
5675	0
5676	0
5677	0
5678	0
5679	0
5680	0
5681	0
5682	0
5683	0
5684	0
5685	0
5686	0
5687	0
5688	0
5689	0
5690	0
5691	0
5692	0
5693	0
5694	0
5695	0
5696	0
5697	0
5698	0
5699	0
5700	0
5701	0
5702	0
5703	0
5704	0
5705	0
5706	0
5707	0
5708	0
5709	0
5710	0
5711	0
5712	0
5713	0
5714	0
5715	0
5716	0
5717	0
5718	0
5719	0
5720	0
5721	0
5722	0
5723	0
5724	0
5725	0
5726	0
5727	0
5728	0
5729	0
5730	0
5731	0
5732	0
5733	0
5734	0
5735	0
5736	0
5737	0
5738	0
5739	0
5740	0
5741	0
5742	0
5743	0
5744	0
5745	0
5746	0
5747	0
5748	0
5749	0
5750	0
5751	0
5752	0
5753	0
5754	0
5755	0
5756	0
5757	0
5758	0
5759	0
5760	0
5761	0
5762	0
5763	0
5764	0
5765	0
5766	0
5767	0
5768	0
5769	0
5770	0
5771	0
5772	0
5773	0
5774	0
5775	0
5776	0
5777	0
5778	0
5779	0
5780	0
5781	0
5782	0
5783	0
5784	0
5785	0
5786	0
5787	0
5788	0
5789	0
5790	0
5791	0
5792	0
5793	0
5794	0
5795	0
5796	0
5797	0
5798	0
5799	0
5800	0
5801	0
5802	0
5803	0
5804	0
5805	0
5806	0
5807	0
5808	0
5809	0
5810	0
5811	0
5812	0
5813	0
5814	0
5815	0
5816	0
5817	0
5818	0
5819	0
5820	0
5821	0
5822	0
5823	0
5824	0
5825	0
5826	0
5827	0
5828	0
5829	0
5830	0
5831	0
5832	0
5833	0
5834	0
5835	0
5836	0
5837	0
5838	0
5839	0
5840	0
5841	0
5842	0
5843	0
5844	0
5845	0
5846	0
5847	0
5848	0
5849	0
5850	0
5851	0
5852	0
5853	0
5854	0
5855	0
5856	0
5857	0
5858	0
5859	0
5860	0
5861	0
5862	0
5863	0
5864	0
5865	0
5866	0
5867	0
5868	0
5869	0
5870	0
5871	0
5872	0
5873	0
5874	0
5875	0
5876	0
5877	0
5878	0
5879	0
5880	0
5881	0
5882	0
5883	0
5884	0
5885	0
5886	0
5887	0
5888	0
5889	0
5890	0
5891	0
5892	0
5893	0
5894	0
5895	0
5896	0
5897	0
5898	0
5899	0
5900	0
5901	0
5902	0
5903	0
5904	0
5905	0
5906	0
5907	0
5908	0
5909	0
5910	0
5911	0
5912	0
5913	0
5914	0
5915	0
5916	0
5917	0
5918	0
5919	0
5920	0
5921	0
5922	0
5923	0
5924	0
5925	0
5926	0
5927	0
5928	0
5929	0
5930	0
5931	0
5932	0
5933	0
5934	0
5935	0
5936	0
5937	0
5938	0
5939	0
5940	0
5941	0
5942	0
5943	0
5944	0
5945	0
5946	0
5947	0
5948	0
5949	0
5950	0
5951	0
5952	0
5953	0
5954	0
5955	0
5956	0
5957	0
5958	0
5959	0
5960	0
5961	0
5962	0
5963	0
5964	0
5965	0
5966	0
5967	0
5968	0
5969	0
5970	0
5971	0
5972	0
5973	0
5974	0
5975	0
5976	0
5977	0
5978	0
5979	0
5980	0
5981	0
5982	0
5983	0
5984	0
5985	0
5986	0
5987	0
5988	0
5989	0
5990	0
5991	0
5992	0
5993	0
5994	0
5995	0
5996	0
5997	0
5998	0
5999	0
6000	0
6001	0
6002	0
6003	0
6004	0
6005	0
6006	0
6007	0
6008	0
6009	0
6010	0
6011	0
6012	0
6013	0
6014	0
6015	0
6016	0
6017	0
6018	0
6019	0
6020	0
6021	0
6022	0
6023	0
6024	0
6025	0
6026	0
6027	0
6028	0
6029	0
6030	0
6031	0
6032	0
6033	0
6034	0
6035	0
6036	0
6037	0
6038	0
6039	0
6040	0
6041	0
6042	0
6043	0
6044	0
6045	0
6046	0
6047	0
6048	0
6049	0
6050	0
6051	0
6052	0
6053	0
6054	0
6055	0
6056	0
6057	0
6058	0
6059	0
6060	0
6061	0
6062	0
6063	0
6064	0
6065	0
6066	0
6067	0
6068	0
6069	0
6070	0
6071	0
6072	0
6073	0
6074	0
6075	0
6076	0
6077	0
6078	0
6079	0
6080	0
6081	0
6082	0
6083	0
6084	0
6085	0
6086	0
6087	0
6088	0
6089	0
6090	0
6091	0
6092	0
6093	0
6094	0
6095	0
6096	0
6097	0
6098	0
6099	0
6100	0
6101	0
6102	0
6103	0
6104	0
6105	0
6106	0
6107	0
6108	0
6109	0
6110	0
6111	0
6112	0
6113	0
6114	0
6115	0
6116	0
6117	0
6118	0
6119	0
6120	0
6121	0
6122	0
6123	0
6124	0
6125	0
6126	0
6127	0
6128	0
6129	0
6130	0
6131	0
6132	0
6133	0
6134	0
6135	0
6136	0
6137	0
6138	0
6139	0
6140	0
6141	0
6142	0
6143	0
6144	0
6145	0
6146	0
6147	0
6148	0
6149	0
6150	0
6151	0
6152	0
6153	0
6154	0
6155	0
6156	0
6157	0
6158	0
6159	0
6160	0
6161	0
6162	0
6163	0
6164	0
6165	0
6166	0
6167	0
6168	0
6169	0
6170	0
6171	0
6172	0
6173	0
6174	0
6175	0
6176	0
6177	0
6178	0
6179	0
6180	0
6181	0
6182	0
6183	0
6184	0
6185	0
6186	0
6187	0
6188	0
6189	0
6190	0
6191	0
6192	0
6193	0
6194	0
6195	0
6196	0
6197	0
6198	0
6199	0
6200	0
6201	0
6202	0
6203	0
6204	0
6205	0
6206	0
6207	0
6208	0
6209	0
6210	0
6211	0
6212	0
6213	0
6214	0
6215	0
6216	0
6217	0
6218	0
6219	0
6220	0
6221	0
6222	0
6223	0
6224	0
6225	0
6226	0
6227	0
6228	0
6229	0
6230	0
6231	0
6232	0
6233	0
6234	0
6235	0
6236	0
6237	0
6238	0
6239	0
6240	0
6241	0
6242	0
6243	0
6244	0
6245	0
6246	0
6247	0
6248	0
6249	0
6250	0
6251	0
6252	0
6253	0
6254	0
6255	0
6256	0
6257	0
6258	0
6259	0
6260	0
6261	0
6262	0
6263	0
6264	0
6265	0
6266	0
6267	0
6268	0
6269	0
6270	0
6271	0
6272	0
6273	0
6274	0
6275	0
6276	0
6277	0
6278	0
6279	0
6280	0
6281	0
6282	0
6283	0
6284	0
6285	0
6286	0
6287	0
6288	0
6289	0
6290	0
6291	0
6292	0
6293	0
6294	0
6295	0
6296	0
6297	0
6298	0
6299	0
6300	0
6301	0
6302	0
6303	0
6304	0
6305	0
6306	0
6307	0
6308	0
6309	0
6310	0
6311	0
6312	0
6313	0
6314	0
6315	0
6316	0
6317	0
6318	0
6319	0
6320	0
6321	0
6322	0
6323	0
6324	0
6325	0
6326	0
6327	0
6328	0
6329	0
6330	0
6331	0
6332	0
6333	0
6334	0
6335	0
6336	0
6337	0
6338	0
6339	0
6340	0
6341	0
6342	0
6343	0
6344	0
6345	0
6346	0
6347	0
6348	0
6349	0
6350	0
6351	0
6352	0
6353	0
6354	0
6355	0
6356	0
6357	0
6358	0
6359	0
6360	0
6361	0
6362	0
6363	0
6364	0
6365	0
6366	0
6367	0
6368	0
6369	0
6370	0
6371	0
6372	0
6373	0
6374	0
6375	0
6376	0
6377	0
6378	0
6379	0
6380	0
6381	0
6382	0
6383	0
6384	0
6385	0
6386	0
6387	0
6388	0
6389	0
6390	0
6391	0
6392	0
6393	0
6394	0
6395	0
6396	0
6397	0
6398	0
6399	0
6400	0
6401	0
6402	0
6403	0
6404	0
6405	0
6406	0
6407	0
6408	0
6409	0
6410	0
6411	0
6412	0
6413	0
6414	0
6415	0
6416	0
6417	0
6418	0
6419	0
6420	0
6421	0
6422	0
6423	0
6424	0
6425	0
6426	0
6427	0
6428	0
6429	0
6430	0
6431	0
6432	0
6433	0
6434	0
6435	0
6436	0
6437	0
6438	0
6439	0
6440	0
6441	0
6442	0
6443	0
6444	0
6445	0
6446	0
6447	0
6448	0
6449	0
6450	0
6451	0
6452	0
6453	0
6454	0
6455	0
6456	0
6457	0
6458	0
6459	0
6460	0
6461	0
6462	0
6463	0
6464	0
6465	0
6466	0
6467	0
6468	0
6469	0
6470	0
6471	0
6472	0
6473	0
6474	0
6475	0
6476	0
6477	0
6478	0
6479	0
6480	0
6481	0
6482	0
6483	0
6484	0
6485	0
6486	0
6487	0
6488	0
6489	0
6490	0
6491	0
6492	0
6493	0
6494	0
6495	0
6496	0
6497	0
6498	0
6499	0
6500	0
6501	0
6502	0
6503	0
6504	0
6505	0
6506	0
6507	0
6508	0
6509	0
6510	0
6511	0
6512	0
6513	0
6514	0
6515	0
6516	0
6517	0
6518	0
6519	0
6520	0
6521	0
6522	0
6523	0
6524	0
6525	0
6526	0
6527	0
6528	0
6529	0
6530	0
6531	0
6532	0
6533	0
6534	0
6535	0
6536	0
6537	0
6538	0
6539	0
6540	0
6541	0
6542	0
6543	0
6544	0
6545	0
6546	0
6547	0
6548	0
6549	0
6550	0
6551	0
6552	0
6553	0
6554	0
6555	0
6556	0
6557	0
6558	0
6559	0
6560	0
6561	0
6562	0
6563	0
6564	0
6565	0
6566	0
6567	0
6568	0
6569	0
6570	0
6571	0
6572	0
6573	0
6574	0
6575	0
6576	0
6577	0
6578	0
6579	0
6580	0
6581	0
6582	0
6583	0
6584	0
6585	0
6586	0
6587	0
6588	0
6589	0
6590	0
6591	0
6592	0
6593	0
6594	0
6595	0
6596	0
6597	0
6598	0
6599	0
6600	0
6601	0
6602	0
6603	0
6604	0
6605	0
6606	0
6607	0
6608	0
6609	0
6610	0
6611	0
6612	0
6613	0
6614	0
6615	0
6616	0
6617	0
6618	0
6619	0
6620	0
6621	0
6622	0
6623	0
6624	0
6625	0
6626	0
6627	0
6628	0
6629	0
6630	0
6631	0
6632	0
6633	0
6634	0
6635	0
6636	0
6637	0
6638	0
6639	0
6640	0
6641	0
6642	0
6643	0
6644	0
6645	0
6646	0
6647	0
6648	0
6649	0
6650	0
6651	0
6652	0
6653	0
6654	0
6655	0
6656	0
6657	0
6658	0
6659	0
6660	0
6661	0
6662	0
6663	0
6664	0
6665	0
6666	0
6667	0
6668	0
6669	0
6670	0
6671	0
6672	0
6673	0
6674	0
6675	0
6676	0
6677	0
6678	0
6679	0
6680	0
6681	0
6682	0
6683	0
6684	0
6685	0
6686	0
6687	0
6688	0
6689	0
6690	0
6691	0
6692	0
6693	0
6694	0
6695	0
6696	0
6697	0
6698	0
6699	0
6700	0
6701	0
6702	0
6703	0
6704	0
6705	0
6706	0
6707	0
6708	0
6709	0
6710	0
6711	0
6712	0
6713	0
6714	0
6715	0
6716	0
6717	0
6718	0
6719	0
6720	0
6721	0
6722	0
6723	0
6724	0
6725	0
6726	0
6727	0
6728	0
6729	0
6730	0
6731	0
6732	0
6733	0
6734	0
6735	0
6736	0
6737	0
6738	0
6739	0
6740	0
6741	0
6742	0
6743	0
6744	0
6745	0
6746	0
6747	0
6748	0
6749	0
6750	0
6751	0
6752	0
6753	0
6754	0
6755	0
6756	0
6757	0
6758	0
6759	0
6760	0
6761	0
6762	0
6763	0
6764	0
6765	0
6766	0
6767	0
6768	0
6769	0
6770	0
6771	0
6772	0
6773	0
6774	0
6775	0
6776	0
6777	0
6778	0
6779	0
6780	0
6781	0
6782	0
6783	0
6784	0
6785	0
6786	0
6787	0
6788	0
6789	0
6790	0
6791	0
6792	0
6793	0
6794	0
6795	0
6796	0
6797	0
6798	0
6799	0
6800	0
6801	0
6802	0
6803	0
6804	0
6805	0
6806	0
6807	0
6808	0
6809	0
6810	0
6811	0
6812	0
6813	0
6814	0
6815	0
6816	0
6817	0
6818	0
6819	0
6820	0
6821	0
6822	0
6823	0
6824	0
6825	0
6826	0
6827	0
6828	0
6829	0
6830	0
6831	0
6832	0
6833	0
6834	0
6835	0
6836	0
6837	0
6838	0
6839	0
6840	0
6841	0
6842	0
6843	0
6844	0
6845	0
6846	0
6847	0
6848	0
6849	0
6850	0
6851	0
6852	0
6853	0
6854	0
6855	0
6856	0
6857	0
6858	0
6859	0
6860	0
6861	0
6862	0
6863	0
6864	0
6865	0
6866	0
6867	0
6868	0
6869	0
6870	0
6871	0
6872	0
6873	0
6874	0
6875	0
6876	0
6877	0
6878	0
6879	0
6880	0
6881	0
6882	0
6883	0
6884	0
6885	0
6886	0
6887	0
6888	0
6889	0
6890	0
6891	0
6892	0
6893	0
6894	0
6895	0
6896	0
6897	0
6898	0
6899	0
6900	0
6901	0
6902	0
6903	0
6904	0
6905	0
6906	0
6907	0
6908	0
6909	0
6910	0
6911	0
6912	0
6913	0
6914	0
6915	0
6916	0
6917	0
6918	0
6919	0
6920	0
6921	0
6922	0
6923	0
6924	0
6925	0
6926	0
6927	0
6928	0
6929	0
6930	0
6931	0
6932	0
6933	0
6934	0
6935	0
6936	0
6937	0
6938	0
6939	0
6940	0
6941	0
6942	0
6943	0
6944	0
6945	0
6946	0
6947	0
6948	0
6949	0
6950	0
6951	0
6952	0
6953	0
6954	0
6955	0
6956	0
6957	0
6958	0
6959	0
6960	0
6961	0
6962	0
6963	0
6964	0
6965	0
6966	0
6967	0
6968	0
6969	0
6970	0
6971	0
6972	0
6973	0
6974	0
6975	0
6976	0
6977	0
6978	0
6979	0
6980	0
6981	0
6982	0
6983	0
6984	0
6985	0
6986	0
6987	0
6988	0
6989	0
6990	0
6991	0
6992	0
6993	0
6994	0
6995	0
6996	0
6997	0
6998	0
6999	0
7000	0
7001	0
7002	0
7003	0
7004	0
7005	0
7006	0
7007	0
7008	0
7009	0
7010	0
7011	0
7012	0
7013	0
7014	0
7015	0
7016	0
7017	0
7018	0
7019	0
7020	0
7021	0
7022	0
7023	0
7024	0
7025	0
7026	0
7027	0
7028	0
7029	0
7030	0
7031	0
7032	0
7033	0
7034	0
7035	0
7036	0
7037	0
7038	0
7039	0
7040	0
7041	0
7042	0
7043	0
7044	0
7045	0
7046	0
7047	0
7048	0
7049	0
7050	0
7051	0
7052	0
7053	0
7054	0
7055	0
7056	0
7057	0
7058	0
7059	0
7060	0
7061	0
7062	0
7063	0
7064	0
7065	0
7066	0
7067	0
7068	0
7069	0
7070	0
7071	0
7072	0
7073	0
7074	0
7075	0
7076	0
7077	0
7078	0
7079	0
7080	0
7081	0
7082	0
7083	0
7084	0
7085	0
7086	0
7087	0
7088	0
7089	0
7090	0
7091	0
7092	0
7093	0
7094	0
7095	0
7096	0
7097	0
7098	0
7099	0
7100	0
7101	0
7102	0
7103	0
7104	0
7105	0
7106	0
7107	0
7108	0
7109	0
7110	0
7111	0
7112	0
7113	0
7114	0
7115	0
7116	0
7117	0
7118	0
7119	0
7120	0
7121	0
7122	0
7123	0
7124	0
7125	0
7126	0
7127	0
7128	0
7129	0
7130	0
7131	0
7132	0
7133	0
7134	0
7135	0
7136	0
7137	0
7138	0
7139	0
7140	0
7141	0
7142	0
7143	0
7144	0
7145	0
7146	0
7147	0
7148	0
7149	0
7150	0
7151	0
7152	0
7153	0
7154	0
7155	0
7156	0
7157	0
7158	0
7159	0
7160	0
7161	0
7162	0
7163	0
7164	0
7165	0
7166	0
7167	0
7168	0
7169	0
7170	0
7171	0
7172	0
7173	0
7174	0
7175	0
7176	0
7177	0
7178	0
7179	0
7180	0
7181	0
7182	0
7183	0
7184	0
7185	0
7186	0
7187	0
7188	0
7189	0
7190	0
7191	0
7192	0
7193	0
7194	0
7195	0
7196	0
7197	0
7198	0
7199	0
7200	0
7201	0
7202	0
7203	0
7204	0
7205	0
7206	0
7207	0
7208	0
7209	0
7210	0
7211	0
7212	0
7213	0
7214	0
7215	0
7216	0
7217	0
7218	0
7219	0
7220	0
7221	0
7222	0
7223	0
7224	0
7225	0
7226	0
7227	0
7228	0
7229	0
7230	0
7231	0
7232	0
7233	0
7234	0
7235	0
7236	0
7237	0
7238	0
7239	0
7240	0
7241	0
7242	0
7243	0
7244	0
7245	0
7246	0
7247	0
7248	0
7249	0
7250	0
7251	0
7252	0
7253	0
7254	0
7255	0
7256	0
7257	0
7258	0
7259	0
7260	0
7261	0
7262	0
7263	0
7264	0
7265	0
7266	0
7267	0
7268	0
7269	0
7270	0
7271	0
7272	0
7273	0
7274	0
7275	0
7276	0
7277	0
7278	0
7279	0
7280	0
7281	0
7282	0
7283	0
7284	0
7285	0
7286	0
7287	0
7288	0
7289	0
7290	0
7291	0
7292	0
7293	0
7294	0
7295	0
7296	0
7297	0
7298	0
7299	0
7300	0
7301	0
7302	0
7303	0
7304	0
7305	0
7306	0
7307	0
7308	0
7309	0
7310	0
7311	0
7312	0
7313	0
7314	0
7315	0
7316	0
7317	0
7318	0
7319	0
7320	0
7321	0
7322	0
7323	0
7324	0
7325	0
7326	0
7327	0
7328	0
7329	0
7330	0
7331	0
7332	0
7333	0
7334	0
7335	0
7336	0
7337	0
7338	0
7339	0
7340	0
7341	0
7342	0
7343	0
7344	0
7345	0
7346	0
7347	0
7348	0
7349	0
7350	0
7351	0
7352	0
7353	0
7354	0
7355	0
7356	0
7357	0
7358	0
7359	0
7360	0
7361	0
7362	0
7363	0
7364	0
7365	0
7366	0
7367	0
7368	0
7369	0
7370	0
7371	0
7372	0
7373	0
7374	0
7375	0
7376	0
7377	0
7378	0
7379	0
7380	0
7381	0
7382	0
7383	0
7384	0
7385	0
7386	0
7387	0
7388	0
7389	0
7390	0
7391	0
7392	0
7393	0
7394	0
7395	0
7396	0
7397	0
7398	0
7399	0
7400	0
7401	0
7402	0
7403	0
7404	0
7405	0
7406	0
7407	0
7408	0
7409	0
7410	0
7411	0
7412	0
7413	0
7414	0
7415	0
7416	0
7417	0
7418	0
7419	0
7420	0
7421	0
7422	0
7423	0
7424	0
7425	0
7426	0
7427	0
7428	0
7429	0
7430	0
7431	0
7432	0
7433	0
7434	0
7435	0
7436	0
7437	0
7438	0
7439	0
7440	0
7441	0
7442	0
7443	0
7444	0
7445	0
7446	0
7447	0
7448	0
7449	0
7450	0
7451	0
7452	0
7453	0
7454	0
7455	0
7456	0
7457	0
7458	0
7459	0
7460	0
7461	0
7462	0
7463	0
7464	0
7465	0
7466	0
7467	0
7468	0
7469	0
7470	0
7471	0
7472	0
7473	0
7474	0
7475	0
7476	0
7477	0
7478	0
7479	0
7480	0
7481	0
7482	0
7483	0
7484	0
7485	0
7486	0
7487	0
7488	0
7489	0
7490	0
7491	0
7492	0
7493	0
7494	0
7495	0
7496	0
7497	0
7498	0
7499	0
7500	0
7501	0
7502	0
7503	0
7504	0
7505	0
7506	0
7507	0
7508	0
7509	0
7510	0
7511	0
7512	0
7513	0
7514	0
7515	0
7516	0
7517	0
7518	0
7519	0
7520	0
7521	0
7522	0
7523	0
7524	0
7525	0
7526	0
7527	0
7528	0
7529	0
7530	0
7531	0
7532	0
7533	0
7534	0
7535	0
7536	0
7537	0
7538	0
7539	0
7540	0
7541	0
7542	0
7543	0
7544	0
7545	0
7546	0
7547	0
7548	0
7549	0
7550	0
7551	0
7552	0
7553	0
7554	0
7555	0
7556	0
7557	0
7558	0
7559	0
7560	0
7561	0
7562	0
7563	0
7564	0
7565	0
7566	0
7567	0
7568	0
7569	0
7570	0
7571	0
7572	0
7573	0
7574	0
7575	0
7576	0
7577	0
7578	0
7579	0
7580	0
7581	0
7582	0
7583	0
7584	0
7585	0
7586	0
7587	0
7588	0
7589	0
7590	0
7591	0
7592	0
7593	0
7594	0
7595	0
7596	0
7597	0
7598	0
7599	0
7600	0
7601	0
7602	0
7603	0
7604	0
7605	0
7606	0
7607	0
7608	0
7609	0
7610	0
7611	0
7612	0
7613	0
7614	0
7615	0
7616	0
7617	0
7618	0
7619	0
7620	0
7621	0
7622	0
7623	0
7624	0
7625	0
7626	0
7627	0
7628	0
7629	0
7630	0
7631	0
7632	0
7633	0
7634	0
7635	0
7636	0
7637	0
7638	0
7639	0
7640	0
7641	0
7642	0
7643	0
7644	0
7645	0
7646	0
7647	0
7648	0
7649	0
7650	0
7651	0
7652	0
7653	0
7654	0
7655	0
7656	0
7657	0
7658	0
7659	0
7660	0
7661	0
7662	0
7663	0
7664	0
7665	0
7666	0
7667	0
7668	0
7669	0
7670	0
7671	0
7672	0
7673	0
7674	0
7675	0
7676	0
7677	0
7678	0
7679	0
7680	0
7681	0
7682	0
7683	0
7684	0
7685	0
7686	0
7687	0
7688	0
7689	0
7690	0
7691	0
7692	0
7693	0
7694	0
7695	0
7696	0
7697	0
7698	0
7699	0
7700	0
7701	0
7702	0
7703	0
7704	0
7705	0
7706	0
7707	0
7708	0
7709	0
7710	0
7711	0
7712	0
7713	0
7714	0
7715	0
7716	0
7717	0
7718	0
7719	0
7720	0
7721	0
7722	0
7723	0
7724	0
7725	0
7726	0
7727	0
7728	0
7729	0
7730	0
7731	0
7732	0
7733	0
7734	0
7735	0
7736	0
7737	0
7738	0
7739	0
7740	0
7741	0
7742	0
7743	0
7744	0
7745	0
7746	0
7747	0
7748	0
7749	0
7750	0
7751	0
7752	0
7753	0
7754	0
7755	0
7756	0
7757	0
7758	0
7759	0
7760	0
7761	0
7762	0
7763	0
7764	0
7765	0
7766	0
7767	0
7768	0
7769	0
7770	0
7771	0
7772	0
7773	0
7774	0
7775	0
7776	0
7777	0
7778	0
7779	0
7780	0
7781	0
7782	0
7783	0
7784	0
7785	0
7786	0
7787	0
7788	0
7789	0
7790	0
7791	0
7792	0
7793	0
7794	0
7795	0
7796	0
7797	0
7798	0
7799	0
7800	0
7801	0
7802	0
7803	0
7804	0
7805	0
7806	0
7807	0
7808	0
7809	0
7810	0
7811	0
7812	0
7813	0
7814	0
7815	0
7816	0
7817	0
7818	0
7819	0
7820	0
7821	0
7822	0
7823	0
7824	0
7825	0
7826	0
7827	0
7828	0
7829	0
7830	0
7831	0
7832	0
7833	0
7834	0
7835	0
7836	0
7837	0
7838	0
7839	0
7840	0
7841	0
7842	0
7843	0
7844	0
7845	0
7846	0
7847	0
7848	0
7849	0
7850	0
7851	0
7852	0
7853	0
7854	0
7855	0
7856	0
7857	0
7858	0
7859	0
7860	0
7861	0
7862	0
7863	0
7864	0
7865	0
7866	0
7867	0
7868	0
7869	0
7870	0
7871	0
7872	0
7873	0
7874	0
7875	0
7876	0
7877	0
7878	0
7879	0
7880	0
7881	0
7882	0
7883	0
7884	0
7885	0
7886	0
7887	0
7888	0
7889	0
7890	0
7891	0
7892	0
7893	0
7894	0
7895	0
7896	0
7897	0
7898	0
7899	0
7900	0
7901	0
7902	0
7903	0
7904	0
7905	0
7906	0
7907	0
7908	0
7909	0
7910	0
7911	0
7912	0
7913	0
7914	0
7915	0
7916	0
7917	0
7918	0
7919	0
7920	0
7921	0
7922	0
7923	0
7924	0
7925	0
7926	0
7927	0
7928	0
7929	0
7930	0
7931	0
7932	0
7933	0
7934	0
7935	0
7936	0
7937	0
7938	0
7939	0
7940	0
7941	0
7942	0
7943	0
7944	0
7945	0
7946	0
7947	0
7948	0
7949	0
7950	0
7951	0
7952	0
7953	0
7954	0
7955	0
7956	0
7957	0
7958	0
7959	0
7960	0
7961	0
7962	0
7963	0
7964	0
7965	0
7966	0
7967	0
7968	0
7969	0
7970	0
7971	0
7972	0
7973	0
7974	0
7975	0
7976	0
7977	0
7978	0
7979	0
7980	0
7981	0
7982	0
7983	0
7984	0
7985	0
7986	0
7987	0
7988	0
7989	0
7990	0
7991	0
7992	0
7993	0
7994	0
7995	0
7996	0
7997	0
7998	0
7999	0
8000	0
8001	0
8002	0
8003	0
8004	0
8005	0
8006	0
8007	0
8008	0
8009	0
8010	0
8011	0
8012	0
8013	0
8014	0
8015	0
8016	0
8017	0
8018	0
8019	0
8020	0
8021	0
8022	0
8023	0
8024	0
8025	0
8026	0
8027	0
8028	0
8029	0
8030	0
8031	0
8032	0
8033	0
8034	0
8035	0
8036	0
8037	0
8038	0
8039	0
8040	0
8041	0
8042	0
8043	0
8044	0
8045	0
8046	0
8047	0
8048	0
8049	0
8050	0
8051	0
8052	0
8053	0
8054	0
8055	0
8056	0
8057	0
8058	0
8059	0
8060	0
8061	0
8062	0
8063	0
8064	0
8065	0
8066	0
8067	0
8068	0
8069	0
8070	0
8071	0
8072	0
8073	0
8074	0
8075	0
8076	0
8077	0
8078	0
8079	0
8080	0
8081	0
8082	0
8083	0
8084	0
8085	0
8086	0
8087	0
8088	0
8089	0
8090	0
8091	0
8092	0
8093	0
8094	0
8095	0
8096	0
8097	0
8098	0
8099	0
8100	0
8101	0
8102	0
8103	0
8104	0
8105	0
8106	0
8107	0
8108	0
8109	0
8110	0
8111	0
8112	0
8113	0
8114	0
8115	0
8116	0
8117	0
8118	0
8119	0
8120	0
8121	0
8122	0
8123	0
8124	0
8125	0
8126	0
8127	0
8128	0
8129	0
8130	0
8131	0
8132	0
8133	0
8134	0
8135	0
8136	0
8137	0
8138	0
8139	0
8140	0
8141	0
8142	0
8143	0
8144	0
8145	0
8146	0
8147	0
8148	0
8149	0
8150	0
8151	0
8152	0
8153	0
8154	0
8155	0
8156	0
8157	0
8158	0
8159	0
8160	0
8161	0
8162	0
8163	0
8164	0
8165	0
8166	0
8167	0
8168	0
8169	0
8170	0
8171	0
8172	0
8173	0
8174	0
8175	0
8176	0
8177	0
8178	0
8179	0
8180	0
8181	0
8182	0
8183	0
8184	0
8185	0
8186	0
8187	0
8188	0
8189	0
8190	0
8191	0
